2993.523 19.111 0.015 19.421 0.020 20.099 0.038 20.872 0.081
2997.344 19.083 0.021 19.429 0.029 20.229 0.063 20.966 0.132
3022.606 19.044 0.015 19.436 0.021 20.006 0.044 21.143 0.132
3031.920 19.054 0.013 19.476 0.018 20.054 0.037 21.038 0.097
3032.920 19.027 0.013 19.409 0.017 19.990 0.041 21.001 0.109
3033.913 19.020 0.013 19.430 0.017 19.992 0.046 20.996 0.122
3034.916 19.033 0.014 19.459 0.020 20.002 0.034 21.140 0.102
3035.909 19.037 0.013 19.458 0.019 20.070 0.044 21.239 0.133
3037.742 18.984 0.039 19.450 0.060 19.909 0.097 21.194 0.315
3043.854 19.013 0.025 19.452 0.037 20.209 0.078 21.008 0.171
3044.885 19.049 0.015 19.462 0.022 19.988 0.043 21.150 0.131
3045.862 19.042 0.011 19.461 0.016 20.049 0.045 20.982 0.113
3046.908 19.017 0.012 19.477 0.017 20.020 0.034 21.158 0.103
3047.866 19.029 0.009 19.462 0.013 20.014 0.040 21.112 0.113
3048.885 19.011 0.011 19.465 0.016 20.021 0.029 21.518 0.122
3051.850 19.028 0.009 19.470 0.013 19.995 0.033 20.999 0.085
3052.869 19.026 0.011 19.448 0.016 20.037 0.044 21.090 0.121
3057.795 19.047 0.015 19.431 0.021 20.129 0.064 21.174 0.177
3059.856 18.992 0.019 19.486 0.030 20.004 0.050 21.047 0.137
3064.773 19.038 0.017 19.491 0.026 20.033 0.043 21.279 0.144
3064.884 19.047 0.007 19.458 0.008 20.070 0.013 20.975 0.028
3065.805 19.025 0.008 19.435 0.011 20.004 0.030 21.143 0.089
3073.862 19.012 0.023 19.435 0.034 20.000 0.059 21.140 0.176
3078.837 19.003 0.012 19.472 0.018 19.977 0.031 21.163 0.097
3079.832 18.974 0.013 19.419 0.019 20.006 0.042 21.037 0.113
3080.822 19.003 0.013 19.454 0.019 20.010 0.031 21.402 0.116
3081.789 19.033 0.011 19.475 0.015 20.012 0.042 21.011 0.108
3082.785 18.998 0.011 19.464 0.016 20.057 0.035 21.045 0.092
3083.934 19.039 0.022 19.405 0.031 20.011 0.057 21.144 0.167
3085.793 19.013 0.011 19.427 0.015 20.106 0.032 21.277 0.098
3087.662 18.938 0.061 19.386 0.061 20.190 0.107 21.133 0.108
3087.707 19.003 0.011 19.422 0.016 20.094 0.044 21.141 0.120
3088.734 18.989 0.011 19.451 0.016 20.069 0.040 21.252 0.124
3090.735 19.014 0.024 19.475 0.036 20.201 0.072 20.937 0.150
3091.772 19.006 0.014 19.422 0.020 20.097 0.037 21.280 0.116
3092.821 18.995 0.017 19.415 0.025 20.081 0.048 21.292 0.152
3093.790 18.994 0.014 19.434 0.021 20.087 0.039 21.273 0.121
3094.718 18.948 0.020 19.398 0.031 20.102 0.062 21.390 0.208
3095.819 19.006 0.024 19.404 0.035 20.152 0.073 21.117 0.186
3101.657 18.947 0.026 19.349 0.038 20.109 0.079 21.199 0.223
3104.747 18.992 0.017 19.422 0.025 20.072 0.047 21.248 0.144
3107.694 18.991 0.015 19.479 0.024 19.984 0.037 21.144 0.115
3108.729 19.015 0.012 19.432 0.016 20.107 0.038 21.090 0.098
3111.688 19.009 0.013 19.434 0.018 20.035 0.039 21.117 0.111
3116.725 19.041 0.013 19.430 0.017 20.077 0.036 21.027 0.091
3117.746 19.017 0.014 19.455 0.020 20.171 0.044 21.416 0.146
3118.764 19.061 0.014 19.440 0.019 20.096 0.034 20.960 0.081
3119.731 19.003 0.014 19.439 0.020 20.136 0.038 21.174 0.105
3120.730 19.028 0.015 19.449 0.022 20.106 0.041 20.887 0.089
3122.786 19.022 0.028 19.471 0.043 20.066 0.078 21.456 0.282
3124.718 19.009 0.027 19.502 0.044 20.084 0.078 20.894 0.173
3125.737 19.003 0.034 19.411 0.051 20.148 0.103 20.951 0.226
3126.717 19.043 0.027 19.422 0.039 20.037 0.071 20.859 0.159
3129.812 19.046 0.035 19.427 0.051 20.188 0.107 20.725 0.187
3132.749 19.032 0.008 19.484 0.012 20.092 0.029 20.913 0.066
3135.717 18.942 0.007 19.432 0.009 19.971 0.031 20.772 0.062
3136.659 19.003 0.013 19.513 0.019 20.028 0.040 21.077 0.109
3137.719 18.971 0.013 19.515 0.021 20.022 0.036 20.939 0.089
3140.640 19.010 0.013 19.524 0.019 20.073 0.041 21.015 0.102
3143.790 19.088 0.029 19.600 0.047 20.017 0.072 20.855 0.164
3144.677 19.015 0.012 19.547 0.019 20.043 0.039 20.984 0.097
3145.711 19.013 0.014 19.551 0.023 19.945 0.042 21.027 0.119
3146.745 19.019 0.013 19.524 0.020 20.034 0.033 20.902 0.077
3147.648 19.024 0.015 19.536 0.023 19.985 0.041 20.949 0.107
3148.653 19.004 0.015 19.572 0.025 20.024 0.046 20.873 0.106
3149.733 19.020 0.013 19.519 0.020 19.955 0.035 21.068 0.104
3153.660 18.986 0.061 19.519 0.061 19.992 0.072 20.891 0.074
3153.692 19.046 0.019 19.549 0.030 19.980 0.047 20.897 0.116
3154.673 19.051 0.023 19.583 0.037 19.938 0.054 20.770 0.123
3155.673 19.032 0.024 19.501 0.037 19.918 0.057 21.029 0.164
3156.646 19.039 0.020 19.513 0.031 19.950 0.049 20.958 0.130
3157.670 19.026 0.021 19.576 0.034 19.954 0.051 20.872 0.126
3158.660 19.031 0.017 19.516 0.026 19.916 0.040 20.852 0.100
3159.643 19.071 0.029 19.567 0.046 19.861 0.063 20.992 0.186
3161.736 19.042 0.016 19.546 0.024 19.900 0.056 20.928 0.148
3162.658 19.076 0.008 19.541 0.010 19.921 0.023 20.812 0.051
3163.650 19.085 0.010 19.541 0.013 19.942 0.038 20.845 0.090
3164.651 19.094 0.010 19.534 0.014 19.922 0.104 20.780 0.237
3165.656 19.097 0.008 19.511 0.011 19.897 0.050 20.770 0.110
3166.650 19.068 0.009 19.503 0.012 19.873 0.032 20.789 0.076
3167.665 19.062 0.006 19.509 0.006 20.013 0.021 20.891 0.034
3168.663 19.078 0.006 19.524 0.007 19.966 0.032 20.885 0.058
3169.662 19.097 0.006 19.523 0.007 19.949 0.022 20.877 0.041
3169.674 19.090 0.015 19.530 0.021 19.819 0.030 20.930 0.086
3170.667 19.095 0.011 19.518 0.016 19.864 0.022 20.922 0.060
3170.673 19.100 0.025 19.575 0.039 19.914 0.056 21.300 0.204
3171.661 19.111 0.007 19.522 0.009 19.902 0.015 20.828 0.034
3171.666 19.045 0.019 19.523 0.030 19.866 0.046 21.068 0.146
3172.664 19.116 0.007 19.522 0.008 19.935 0.013 20.875 0.027
3172.668 19.077 0.016 19.477 0.022 19.822 0.032 20.958 0.094
3173.658 19.090 0.017 19.538 0.025 19.853 0.035 20.826 0.090
3173.659 19.136 0.007 19.542 0.008 19.964 0.020 20.929 0.040
3174.664 19.099 0.016 19.479 0.023 19.925 0.035 20.889 0.090
3176.666 19.098 0.016 19.484 0.022 19.876 0.033 20.946 0.093
3177.675 19.093 0.018 19.549 0.027 19.869 0.040 21.000 0.120
3178.675 19.123 0.027 19.540 0.040 19.806 0.054 20.706 0.132
3182.654 19.060 0.043 19.492 0.067 19.843 0.096 21.320 0.364
3183.653 19.112 0.040 19.466 0.057 19.753 0.078 20.923 0.236
3184.653 19.163 0.036 19.539 0.052 19.888 0.076 20.536 0.147
3185.652 19.104 0.034 19.507 0.050 19.812 0.070 20.792 0.179
3186.651 19.124 0.039 19.417 0.052 19.809 0.079 20.873 0.217
3187.651 19.143 0.039 19.470 0.054 19.696 0.070 20.786 0.199
3189.656 19.188 0.042 19.554 0.061 19.838 0.084 21.113 0.273
3191.652 19.082 0.042 19.496 0.063 19.680 0.080 20.758 0.221
3192.660 19.188 0.020 19.501 0.027 19.816 0.038 20.896 0.107
3193.650 19.180 0.034 19.506 0.047 19.858 0.068 20.865 0.180
3194.654 19.179 0.027 19.459 0.036 19.823 0.053 20.651 0.121
3195.652 19.134 0.038 19.498 0.054 19.773 0.074 20.678 0.179
3310.011 19.171 0.041 19.432 0.052 19.875 0.082 20.382 0.139
3314.010 19.095 0.052 19.464 0.075 19.938 0.121 20.453 0.206
3318.964 19.140 0.030 19.425 0.039 19.924 0.062 20.322 0.097
3321.023 19.167 0.027 19.495 0.036 19.836 0.051 20.361 0.087
3335.040 19.133 0.034 19.544 0.049 19.951 0.074 20.291 0.109
3336.026 19.134 0.032 19.480 0.044 19.944 0.070 20.372 0.112
3341.993 19.156 0.055 19.558 0.080 20.007 0.127 20.455 0.204
3350.012 19.122 0.029 19.507 0.040 20.006 0.065 20.354 0.097
3350.998 19.113 0.023 19.559 0.033 20.015 0.050 20.445 0.079
3352.044 19.138 0.023 19.521 0.032 20.023 0.051 20.275 0.070
3353.038 19.143 0.026 19.605 0.038 19.980 0.054 20.272 0.076
3354.033 19.144 0.023 19.552 0.031 19.989 0.046 20.326 0.068
3354.920 19.126 0.021 19.549 0.030 19.999 0.045 20.304 0.063
3359.920 19.165 0.018 19.555 0.023 20.081 0.040 20.252 0.050
3377.879 19.171 0.026 19.483 0.034 20.097 0.061 20.258 0.077
3378.945 19.189 0.027 19.518 0.036 20.081 0.060 20.234 0.075
3379.878 19.186 0.025 19.576 0.035 20.116 0.058 20.271 0.072
3385.816 19.296 0.014 19.578 0.015 20.225 0.022 20.175 0.023
3385.951 19.226 0.024 19.551 0.031 20.117 0.051 20.202 0.060
3387.960 19.254 0.027 19.514 0.033 20.148 0.058 20.248 0.069
3399.018 19.267 0.067 19.640 0.096 20.057 0.148 20.045 0.161
3399.714 19.268 0.049 19.559 0.064 20.227 0.123 20.254 0.138
3402.990 19.323 0.041 19.551 0.052 20.131 0.091 20.127 0.100
3410.806 19.256 0.023 19.552 0.029 20.214 0.053 20.214 0.059
3430.930 19.319 0.043 19.499 0.051 20.036 0.087 20.249 0.116
3431.738 19.288 0.028 19.571 0.036 20.103 0.060 20.188 0.071
3432.721 19.311 0.028 19.527 0.035 20.084 0.058 20.119 0.065
3433.740 19.290 0.025 19.553 0.031 20.116 0.051 20.106 0.056
3439.643 19.303 0.013 19.531 0.014 20.072 0.018 20.110 0.020
3439.719 19.265 0.025 19.538 0.032 20.042 0.050 20.199 0.063
3441.615 19.306 0.014 19.527 0.015 20.075 0.020 20.102 0.022
3441.797 19.279 0.030 19.562 0.038 20.051 0.060 20.170 0.074
3442.734 19.300 0.026 19.552 0.032 20.033 0.049 20.135 0.059
3443.748 19.272 0.029 19.569 0.038 20.097 0.067 20.214 0.082
3462.836 19.243 0.037 19.627 0.052 20.106 0.084 20.269 0.107
3462.859 19.302 0.013 19.557 0.015 20.055 0.020 20.100 0.022
3463.722 19.310 0.031 19.541 0.038 20.041 0.062 20.186 0.077
3464.719 19.308 0.023 19.572 0.029 20.003 0.042 20.162 0.053
3469.756 19.322 0.055 19.654 0.074 20.155 0.121 20.090 0.126
3470.713 19.290 0.026 19.595 0.033 20.087 0.053 20.159 0.062
3471.763 19.312 0.029 19.651 0.039 20.009 0.056 20.218 0.074
3472.766 19.323 0.025 19.597 0.031 20.112 0.049 20.173 0.057
3473.744 19.319 0.020 19.582 0.024 20.070 0.043 20.164 0.051
3474.743 19.324 0.022 19.607 0.028 20.044 0.042 20.169 0.051
3476.739 19.311 0.043 19.581 0.056 20.163 0.099 20.169 0.110
3477.735 19.327 0.045 19.554 0.056 20.121 0.097 20.142 0.109
3478.690 19.297 0.051 19.656 0.071 20.089 0.111 20.306 0.147
3485.738 19.318 0.054 19.660 0.074 20.101 0.117 20.159 0.135
3486.707 19.365 0.052 19.597 0.066 19.919 0.093 20.138 0.124
3487.675 19.323 0.025 19.599 0.032 20.111 0.053 20.167 0.061
3492.710 19.351 0.038 19.613 0.049 20.055 0.076 20.255 0.099
3494.722 19.338 0.025 19.659 0.033 20.082 0.049 20.235 0.062
3495.722 19.275 0.059 19.585 0.080 20.254 0.152 20.061 0.142
3496.694 19.341 0.028 19.592 0.035 20.166 0.059 20.231 0.069
3497.720 19.365 0.031 19.615 0.039 20.145 0.064 20.149 0.071
3498.691 19.348 0.026 19.620 0.033 20.198 0.057 20.236 0.064
3499.695 19.328 0.025 19.630 0.032 20.137 0.052 20.106 0.055
3501.708 19.369 0.044 19.558 0.053 20.081 0.088 20.225 0.109
3501.817 19.384 0.020 19.623 0.024 20.154 0.039 20.184 0.044
3502.701 19.337 0.033 19.634 0.043 20.165 0.072 20.119 0.076
3503.666 19.370 0.028 19.622 0.035 20.051 0.054 20.267 0.071
3504.687 19.441 0.068 19.590 0.073 20.275 0.110 20.165 0.110
3509.698 19.385 0.054 19.608 0.068 20.015 0.104 20.002 0.113
3510.674 19.398 0.052 19.603 0.064 20.324 0.129 20.130 0.120
3516.680 19.397 0.031 19.668 0.040 20.128 0.063 20.097 0.067
3520.686 19.488 0.035 19.666 0.042 20.176 0.069 20.091 0.071
3521.691 19.441 0.034 19.713 0.044 20.205 0.071 20.062 0.069
3522.646 19.424 0.047 19.634 0.057 20.146 0.095 20.086 0.100
3524.667 19.453 0.034 19.721 0.043 20.117 0.065 20.132 0.073
3525.673 19.444 0.034 19.742 0.044 20.121 0.065 20.030 0.066
3527.651 19.433 0.034 19.786 0.047 20.165 0.069 20.087 0.071
3530.650 19.495 0.039 19.781 0.051 20.070 0.070 20.202 0.086
3536.660 19.473 0.072 19.771 0.096 19.950 0.122 20.147 0.159
3537.661 19.471 0.064 19.859 0.092 20.120 0.124 20.165 0.141
3538.652 19.440 0.060 19.715 0.078 19.987 0.107 20.177 0.138
3541.654 19.351 0.117 19.872 0.189 19.983 0.226 20.401 0.346
3547.650 19.521 0.062 19.966 0.094 20.178 0.121 20.172 0.132
3549.651 19.572 0.084 19.928 0.118 20.261 0.168 20.609 0.246
3655.027 19.474 0.017 19.871 0.023 20.010 0.049 20.258 0.065
3656.000 19.547 0.012 19.883 0.012 19.969 0.029 20.366 0.034
3664.001 19.486 0.034 19.919 0.040 20.023 0.051 20.520 0.107
3664.001 19.555 0.012 19.905 0.014 19.954 0.029 20.421 0.038
3667.966 19.539 0.035 19.874 0.041 19.864 0.052 20.604 0.110
3668.006 19.569 0.017 19.867 0.021 19.879 0.041 20.451 0.068
3673.899 19.561 0.015 19.826 0.017 19.906 0.018 20.505 0.029
3674.992 19.534 0.019 19.776 0.023 19.909 0.029 20.455 0.060
3676.001 19.541 0.021 19.812 0.024 19.857 0.031 20.546 0.065
3676.969 19.392 0.020 19.610 0.023 20.164 0.029 20.584 0.062
3677.013 19.531 0.015 19.807 0.018 19.933 0.033 20.460 0.051
3677.995 19.550 0.011 19.799 0.012 19.893 0.037 20.425 0.044
3678.997 19.561 0.012 19.802 0.012 19.909 0.021 20.489 0.027
3679.013 19.499 0.018 19.774 0.021 19.845 0.026 20.503 0.055
3679.995 19.512 0.019 19.827 0.023 19.873 0.029 20.532 0.060
3681.006 19.497 0.017 19.815 0.020 19.902 0.025 20.569 0.052
3684.012 19.539 0.018 19.723 0.022 19.870 0.027 20.431 0.057
3685.017 19.472 0.017 19.822 0.020 19.890 0.025 20.516 0.052
3686.892 19.476 0.026 19.779 0.035 19.833 0.047 20.393 0.084
3687.025 19.473 0.019 19.822 0.022 19.812 0.028 20.413 0.058
3688.016 19.507 0.015 19.785 0.018 19.828 0.023 20.558 0.047
3688.929 19.528 0.017 19.777 0.020 19.893 0.030 20.435 0.049
3689.034 19.490 0.021 19.790 0.025 19.801 0.032 20.511 0.066
3690.002 19.493 0.033 19.848 0.039 19.795 0.050 20.525 0.105
3691.019 19.503 0.033 19.660 0.039 19.969 0.049 20.365 0.103
3691.898 19.496 0.031 19.817 0.042 19.735 0.055 20.247 0.094
3692.018 19.573 0.031 19.823 0.036 19.840 0.046 20.276 0.097
3693.022 19.443 0.031 19.832 0.037 19.907 0.047 20.366 0.099
3693.865 19.514 0.049 19.744 0.062 19.804 0.071 20.203 0.110
3693.927 19.533 0.023 19.782 0.028 19.817 0.030 20.319 0.050
3694.013 19.492 0.028 19.875 0.033 19.904 0.042 20.291 0.089
3694.862 19.580 0.046 19.865 0.061 19.771 0.060 20.361 0.111
3698.919 19.566 0.012 19.833 0.013 19.853 0.024 20.303 0.030
3700.927 19.514 0.017 19.767 0.020 19.845 0.025 20.364 0.053
3706.012 19.534 0.015 19.842 0.017 19.848 0.022 20.343 0.046
3708.849 19.465 0.045 19.880 0.070 20.024 0.080 20.218 0.107
3708.984 19.567 0.015 19.815 0.017 19.898 0.022 20.478 0.045
3709.996 19.538 0.015 19.814 0.018 19.902 0.023 20.307 0.048
3710.896 19.539 0.013 19.822 0.015 19.880 0.015 20.271 0.019
3710.971 19.520 0.014 19.850 0.016 19.845 0.020 20.335 0.041
3711.945 19.524 0.014 19.852 0.016 19.884 0.020 20.360 0.041
3712.873 19.531 0.017 19.908 0.020 19.890 0.025 20.262 0.052
3714.951 19.498 0.015 19.876 0.018 19.894 0.022 20.225 0.047
3718.765 19.507 0.054 19.911 0.079 19.776 0.075 20.182 0.118
3725.963 19.488 0.025 19.904 0.030 19.927 0.038 20.214 0.079
3726.932 19.527 0.022 19.966 0.026 19.918 0.033 20.277 0.069
3728.935 19.527 0.019 19.978 0.022 19.937 0.028 20.110 0.060
3729.951 19.535 0.011 19.978 0.012 19.937 0.048 20.188 0.051
3729.984 19.487 0.015 19.911 0.017 19.938 0.022 20.226 0.046
3730.951 19.441 0.019 19.880 0.023 19.898 0.029 20.165 0.061
3731.853 19.537 0.018 19.981 0.021 19.944 0.027 20.280 0.058
3734.918 19.559 0.011 20.002 0.012 19.984 0.042 20.206 0.044
3736.018 19.516 0.011 19.944 0.012 19.924 0.024 20.140 0.026
3736.902 19.555 0.011 19.961 0.012 19.960 0.023 20.162 0.024
3737.923 19.547 0.012 19.975 0.014 19.965 0.026 20.159 0.029
3738.961 19.529 0.014 19.970 0.018 19.952 0.030 20.147 0.036
3740.033 19.525 0.016 19.985 0.018 19.994 0.023 20.171 0.049
3740.910 19.587 0.011 20.009 0.012 20.036 0.021 20.186 0.023
3742.992 19.542 0.013 19.984 0.015 19.970 0.019 20.177 0.040
3743.772 19.445 0.018 19.975 0.028 19.851 0.061 20.008 0.077
3743.976 19.586 0.011 20.007 0.012 20.042 0.054 20.152 0.056
3745.931 19.526 0.014 19.976 0.017 19.956 0.072 20.105 0.085
3745.970 19.545 0.017 19.948 0.019 19.924 0.024 20.106 0.051
3747.024 19.579 0.012 19.976 0.012 20.022 0.037 20.099 0.038
3749.000 19.577 0.010 19.962 0.014 20.087 0.023 20.134 0.026
3752.918 19.569 0.017 19.962 0.024 20.034 0.028 20.198 0.035
3753.950 19.518 0.032 19.884 0.038 19.910 0.048 20.098 0.102
3755.897 19.523 0.028 19.935 0.033 19.904 0.042 20.094 0.089
3756.929 19.580 0.012 19.945 0.012 19.959 0.023 20.078 0.024
3757.884 19.583 0.011 19.935 0.011 19.940 0.044 20.072 0.046
3757.892 19.541 0.018 19.940 0.021 19.893 0.027 20.179 0.056
3758.916 19.583 0.011 19.922 0.011 19.921 0.036 20.080 0.037
3758.937 19.578 0.016 19.908 0.018 19.894 0.023 20.164 0.048
3764.885 19.548 0.015 19.943 0.017 19.880 0.022 20.196 0.046
3766.051 19.620 0.016 20.006 0.018 19.863 0.023 20.112 0.049
3766.906 19.601 0.012 19.951 0.014 19.883 0.018 20.153 0.037
3767.858 19.626 0.014 19.966 0.016 19.884 0.020 20.174 0.042
3768.842 19.618 0.014 19.894 0.016 19.874 0.020 20.147 0.042
3770.792 19.626 0.011 19.926 0.013 19.855 0.019 20.036 0.022
3771.772 19.568 0.016 19.828 0.020 19.787 0.045 19.977 0.058
3772.758 19.559 0.030 20.038 0.047 19.906 0.044 19.910 0.050
3773.722 19.625 0.014 19.932 0.018 19.879 0.024 20.031 0.030
3775.952 19.655 0.035 19.847 0.042 19.833 0.045 20.060 0.060
3776.938 19.617 0.022 19.885 0.028 19.841 0.064 19.850 0.072
3786.858 19.601 0.017 19.986 0.020 19.901 0.026 20.133 0.054
3787.802 19.621 0.013 19.941 0.016 19.943 0.020 20.077 0.042
3788.859 19.624 0.013 19.985 0.015 19.983 0.019 20.055 0.041
3791.791 19.580 0.013 19.937 0.015 19.953 0.019 20.023 0.041
3793.794 19.620 0.013 19.941 0.015 19.987 0.019 19.999 0.040
3794.750 19.623 0.015 19.995 0.017 19.945 0.022 20.009 0.046
3797.797 19.556 0.015 20.000 0.018 19.869 0.022 19.904 0.047
3798.841 19.633 0.014 19.868 0.016 19.990 0.021 20.010 0.044
3799.854 19.611 0.015 19.900 0.017 19.929 0.022 19.935 0.046
3800.037 19.566 0.047 19.771 0.058 19.995 0.076 19.887 0.076
3800.791 19.506 0.023 19.971 0.027 19.903 0.034 20.022 0.072
3815.828 19.642 0.017 19.918 0.020 20.058 0.026 19.914 0.055
3818.843 19.595 0.018 19.951 0.021 20.007 0.027 20.014 0.057
3820.721 19.600 0.016 19.905 0.018 19.993 0.023 19.913 0.049
3823.696 19.653 0.015 19.891 0.017 20.009 0.021 19.930 0.046
3827.816 19.690 0.015 19.925 0.018 20.055 0.022 19.886 0.047
3827.919 19.677 0.028 19.825 0.032 20.005 0.040 19.873 0.039
3832.752 19.558 0.032 20.038 0.038 20.129 0.049 19.812 0.103
3837.714 19.617 0.032 19.821 0.037 19.963 0.047 19.957 0.099
3841.669 19.665 0.016 19.855 0.019 19.914 0.024 20.001 0.050
3843.674 19.592 0.015 19.802 0.017 20.010 0.021 19.993 0.045
3844.642 19.586 0.015 19.846 0.017 19.978 0.021 20.027 0.045
3845.668 19.585 0.015 19.776 0.017 20.001 0.022 19.969 0.046
3846.644 19.608 0.014 19.806 0.016 20.041 0.020 20.013 0.042
3848.665 19.581 0.013 19.859 0.015 20.040 0.019 19.953 0.040
3849.667 19.579 0.016 19.825 0.018 19.908 0.023 20.014 0.049
3850.696 19.614 0.014 19.776 0.017 19.976 0.021 19.999 0.045
3851.707 19.598 0.013 19.802 0.016 19.994 0.020 19.994 0.042
3852.837 19.629 0.022 19.912 0.026 20.021 0.034 19.963 0.072
3854.730 19.650 0.016 19.888 0.018 20.015 0.023 19.997 0.049
3855.650 19.590 0.014 19.827 0.017 19.972 0.021 20.013 0.045
3856.695 19.578 0.013 19.787 0.015 20.004 0.019 19.984 0.040
3857.822 19.629 0.021 19.809 0.025 19.995 0.032 19.964 0.069
3858.643 19.544 0.017 19.826 0.020 20.021 0.026 20.005 0.054
3859.641 19.542 0.020 19.797 0.023 20.052 0.029 20.011 0.061
3861.765 19.663 0.027 19.889 0.031 19.911 0.040 19.982 0.084
3881.706 19.575 0.015 19.905 0.017 20.005 0.022 20.007 0.045
3882.666 19.585 0.014 19.933 0.016 20.033 0.020 20.029 0.043
3883.654 19.537 0.015 19.938 0.018 19.998 0.023 19.990 0.048
3884.724 19.556 0.010 19.892 0.013 20.038 0.019 19.927 0.019
3885.653 19.529 0.016 19.888 0.019 20.056 0.024 19.986 0.051
3885.720 19.574 0.011 19.926 0.013 20.013 0.028 19.934 0.029
3886.646 19.521 0.011 19.891 0.014 20.026 0.023 19.919 0.024
3887.646 19.581 0.014 19.898 0.018 20.037 0.022 19.949 0.022
3890.730 19.497 0.032 19.835 0.038 20.054 0.049 19.929 0.103
3896.660 19.477 0.035 19.907 0.042 19.924 0.053 19.982 0.113
3899.680 19.460 0.036 19.860 0.042 20.020 0.054 20.137 0.115
3903.708 19.565 0.020 19.903 0.024 20.087 0.031 19.903 0.065
3907.682 19.526 0.018 19.864 0.021 20.072 0.026 20.047 0.055
4019.006 19.377 0.027 19.768 0.027 20.167 0.027 20.049 0.027
4029.001 19.414 0.027 19.840 0.027 20.217 0.027 20.073 0.027
4031.006 19.455 0.027 19.873 0.027 20.248 0.027 20.087 0.027
4035.026 19.403 0.027 19.912 0.027 20.161 0.027 20.121 0.027
4035.980 19.437 0.027 19.885 0.027 20.179 0.027 20.088 0.027
4039.016 19.502 0.027 19.949 0.027 20.229 0.027 20.160 0.027
4043.955 19.440 0.027 19.812 0.027 20.084 0.027 20.023 0.027
4044.949 19.451 0.027 19.818 0.027 20.091 0.027 20.044 0.027
4045.966 19.398 0.027 19.873 0.027 20.286 0.040 20.000 0.034
4046.966 19.438 0.027 19.804 0.027 20.106 0.027 20.011 0.027
4047.004 19.436 0.038 19.763 0.045 20.293 0.058 19.893 0.122
4048.968 19.444 0.027 19.812 0.027 20.111 0.027 20.063 0.027
4050.008 19.449 0.027 19.831 0.027 20.080 0.027 20.048 0.027
4054.008 19.382 0.021 19.738 0.025 20.087 0.031 20.071 0.066
4059.902 19.506 0.027 19.886 0.027 20.250 0.027 20.119 0.027
4059.947 19.378 0.019 19.728 0.022 20.125 0.027 20.116 0.058
4060.884 19.355 0.017 19.691 0.019 20.131 0.024 20.095 0.051
4065.001 19.342 0.017 19.686 0.020 20.137 0.025 20.098 0.053
4066.006 19.418 0.013 19.670 0.015 20.185 0.019 20.003 0.040
4070.954 19.392 0.017 19.690 0.020 20.158 0.026 20.051 0.054
4071.884 19.492 0.027 19.742 0.027 20.127 0.027 20.032 0.027
4072.014 19.397 0.017 19.680 0.019 20.095 0.024 20.056 0.051
4072.890 19.438 0.038 19.635 0.045 20.148 0.057 19.997 0.120
4072.949 19.480 0.027 19.755 0.027 20.133 0.027 20.111 0.027
4073.894 19.511 0.027 19.753 0.027 20.180 0.035 20.058 0.035
4074.897 19.499 0.027 19.729 0.027 20.120 0.027 20.027 0.027
4074.996 19.370 0.036 19.700 0.043 20.270 0.054 20.108 0.113
4075.993 19.407 0.038 19.583 0.045 20.165 0.056 20.098 0.119
4076.029 19.530 0.027 19.736 0.027 20.184 0.027 20.039 0.027
4081.021 19.487 0.032 19.728 0.038 20.092 0.049 20.131 0.104
4082.865 19.431 0.021 19.686 0.025 20.062 0.031 20.086 0.066
4084.972 19.419 0.018 19.690 0.022 20.085 0.027 20.108 0.057
4086.877 19.429 0.020 19.708 0.024 20.093 0.030 20.147 0.063
4092.985 19.478 0.022 19.736 0.026 20.072 0.032 20.086 0.069
4093.956 19.453 0.017 19.711 0.019 20.079 0.024 20.081 0.052
4094.999 19.418 0.019 19.692 0.023 20.074 0.029 20.123 0.061
4096.050 19.425 0.016 19.708 0.019 20.070 0.024 20.072 0.050
4100.947 19.455 0.025 19.719 0.029 20.005 0.037 20.115 0.077
4102.850 19.605 0.047 19.744 0.056 20.051 0.071 19.914 0.150
4107.900 19.417 0.039 19.703 0.046 19.999 0.059 20.179 0.124
4108.972 19.388 0.034 19.788 0.040 20.034 0.051 20.041 0.107
4109.979 19.409 0.036 19.834 0.043 19.958 0.055 19.962 0.116
4111.021 19.420 0.024 19.793 0.029 20.049 0.036 20.081 0.076
4115.026 19.399 0.020 19.785 0.024 19.973 0.030 20.048 0.063
4117.922 19.396 0.017 19.801 0.020 19.960 0.025 20.029 0.052
4126.888 19.446 0.017 19.836 0.020 20.160 0.025 19.956 0.053
4127.928 19.444 0.017 19.778 0.020 20.131 0.025 19.959 0.053
4128.895 19.444 0.023 19.838 0.027 20.161 0.034 19.997 0.072
4137.930 19.416 0.029 19.822 0.034 20.130 0.043 19.960 0.092
4138.775 19.467 0.027 19.911 0.031 20.058 0.040 20.009 0.084
4139.857 19.410 0.029 19.918 0.035 20.031 0.044 20.022 0.093
4140.820 19.446 0.018 19.864 0.021 20.173 0.026 19.991 0.056
4150.876 19.489 0.016 19.937 0.019 20.185 0.023 19.911 0.050
4153.758 19.557 0.018 19.935 0.021 20.139 0.027 19.925 0.057
4155.833 19.538 0.021 19.968 0.025 20.042 0.031 19.936 0.067
4156.826 19.508 0.021 19.929 0.024 20.104 0.031 19.983 0.065
4165.922 19.521 0.033 20.131 0.038 20.161 0.049 20.042 0.103
4166.764 19.480 0.028 19.935 0.034 20.102 0.042 19.836 0.089
4168.830 19.601 0.022 20.033 0.026 20.051 0.033 19.907 0.069
4169.811 19.549 0.015 20.049 0.017 20.045 0.022 19.946 0.046
4170.776 19.586 0.016 20.040 0.018 20.039 0.023 19.874 0.049
4171.801 19.559 0.015 20.053 0.018 20.044 0.023 19.856 0.048
4172.714 19.558 0.015 20.073 0.017 20.053 0.021 19.897 0.045
4173.755 19.559 0.014 20.066 0.016 20.062 0.020 19.903 0.042
4174.778 19.594 0.014 20.071 0.016 20.034 0.020 19.871 0.043
4176.850 19.635 0.015 20.102 0.018 20.038 0.022 19.887 0.048
4177.700 19.555 0.013 20.088 0.015 20.022 0.019 19.865 0.041
4179.665 19.574 0.014 20.090 0.016 20.089 0.021 19.878 0.044
4180.687 19.599 0.015 20.113 0.017 19.994 0.022 19.897 0.046
4194.799 19.656 0.029 20.084 0.034 20.088 0.043 19.793 0.091
4197.724 19.654 0.014 20.065 0.016 20.112 0.020 19.820 0.043
4201.761 19.689 0.015 20.072 0.018 20.155 0.022 19.876 0.047
4213.802 19.671 0.024 19.927 0.028 20.159 0.036 19.831 0.077
4214.699 19.719 0.029 19.970 0.035 20.107 0.044 19.760 0.094
4215.700 19.686 0.029 19.918 0.034 20.212 0.043 19.785 0.091
4227.656 19.741 0.019 19.987 0.023 20.301 0.029 19.784 0.062
4230.661 19.720 0.016 19.926 0.019 20.166 0.024 19.834 0.050
4232.705 19.758 0.019 19.992 0.023 20.359 0.029 19.768 0.061
4233.737 19.650 0.017 19.935 0.020 20.277 0.025 19.812 0.054
4237.672 19.652 0.016 19.902 0.019 20.149 0.024 19.831 0.051
4238.688 19.661 0.017 19.927 0.020 20.322 0.026 19.849 0.055
4239.745 19.584 0.020 19.960 0.023 20.273 0.029 19.849 0.062
4240.707 19.627 0.017 19.901 0.020 20.283 0.025 19.802 0.054
4245.660 19.605 0.027 19.899 0.032 20.195 0.040 19.784 0.085
4246.714 19.628 0.039 19.857 0.046 20.020 0.059 19.949 0.124
4247.702 19.697 0.032 19.990 0.038 20.251 0.048 19.845 0.102
4248.668 19.604 0.032 19.991 0.038 20.268 0.048 19.769 0.102
4249.684 19.617 0.029 19.980 0.034 20.100 0.043 19.851 0.091
4250.685 19.605 0.031 19.947 0.037 20.386 0.046 19.824 0.098
4252.675 19.526 0.034 19.932 0.040 20.326 0.051 19.839 0.108
4254.660 19.541 0.017 19.931 0.021 20.242 0.026 19.786 0.055
4255.667 19.563 0.017 20.002 0.020 20.247 0.026 19.840 0.055
4258.675 19.579 0.020 20.028 0.023 20.147 0.029 19.880 0.063
4260.697 19.591 0.017 19.987 0.020 20.227 0.025 19.812 0.054
4261.716 19.563 0.020 19.994 0.023 20.249 0.029 19.809 0.062
4263.668 19.595 0.020 20.040 0.024 20.190 0.030 19.834 0.064
4264.654 19.560 0.019 19.942 0.023 20.302 0.029 19.799 0.061
4265.684 19.615 0.019 20.039 0.022 20.162 0.028 19.880 0.060
4266.700 19.625 0.025 20.086 0.029 20.045 0.037 19.811 0.079
4271.674 19.640 0.029 19.809 0.034 20.138 0.043 19.773 0.092
4276.677 19.676 0.032 20.009 0.038 20.201 0.048 19.831 0.102
4277.651 19.676 0.039 19.878 0.046 20.243 0.059 19.851 0.125
4278.667 19.508 0.036 20.184 0.042 20.089 0.054 19.633 0.114
4393.963 19.681 0.021 20.014 0.024 20.524 0.031 19.576 0.066
4406.993 19.622 0.020 19.838 0.023 20.776 0.029 19.656 0.062
4407.979 19.650 0.019 19.799 0.023 20.532 0.029 19.612 0.062
4408.985 19.616 0.017 19.834 0.020 20.619 0.025 19.656 0.053
4409.939 19.640 0.018 19.888 0.021 20.579 0.027 19.698 0.058
4414.001 19.589 0.015 19.896 0.017 20.513 0.022 19.614 0.047
4415.988 19.635 0.015 19.941 0.018 20.441 0.023 19.621 0.049
4416.968 19.686 0.017 19.805 0.020 20.455 0.025 19.662 0.054
4419.026 19.585 0.016 19.844 0.019 20.554 0.024 19.681 0.051
4421.965 19.598 0.015 19.846 0.017 20.602 0.021 19.641 0.046
4422.943 19.607 0.017 19.853 0.021 20.623 0.026 19.655 0.056
4426.005 19.586 0.016 19.805 0.018 20.495 0.023 19.568 0.050
4440.028 19.555 0.016 19.796 0.019 20.476 0.024 19.714 0.052
4441.041 19.539 0.019 19.797 0.023 20.465 0.028 19.710 0.061
4447.995 19.459 0.017 19.784 0.020 20.381 0.025 19.749 0.053
4450.939 19.495 0.016 19.715 0.018 20.271 0.023 19.764 0.049
4451.992 19.538 0.014 19.758 0.017 20.287 0.021 19.794 0.045
4452.923 19.533 0.016 19.714 0.019 20.235 0.024 19.815 0.050
4454.999 19.534 0.018 19.762 0.022 20.245 0.027 19.803 0.058
4455.979 19.573 0.021 19.692 0.025 20.340 0.031 19.884 0.066
4458.011 19.668 0.036 19.684 0.043 20.214 0.054 19.930 0.115
4459.000 19.527 0.046 19.849 0.054 20.137 0.069 19.902 0.146
4465.044 19.460 0.020 19.746 0.024 20.232 0.030 19.870 0.064
4465.985 19.523 0.019 19.634 0.022 20.159 0.028 19.764 0.059
4475.964 19.427 0.014 19.632 0.016 20.183 0.020 19.868 0.044
4476.999 19.421 0.014 19.672 0.016 20.262 0.020 19.864 0.043
4477.941 19.437 0.014 19.629 0.017 20.298 0.021 19.865 0.044
4478.963 19.427 0.014 19.653 0.016 20.211 0.020 19.890 0.044
4482.033 19.323 0.019 19.602 0.022 20.317 0.028 19.886 0.060
4483.835 19.422 0.024 19.650 0.029 20.205 0.036 19.896 0.077
4496.876 19.408 0.015 19.699 0.017 20.199 0.022 19.988 0.046
4498.883 19.428 0.014 19.721 0.017 20.206 0.021 20.003 0.045
4502.970 19.401 0.014 19.704 0.017 20.092 0.021 20.023 0.045
4503.817 19.477 0.016 19.731 0.018 20.136 0.023 20.002 0.049
4504.901 19.385 0.015 19.667 0.017 20.130 0.022 20.033 0.046
4505.943 19.445 0.014 19.709 0.016 20.237 0.020 20.052 0.042
4506.930 19.436 0.016 19.698 0.018 20.076 0.023 19.817 0.049
4507.758 19.409 0.015 19.700 0.017 20.076 0.022 20.008 0.046
4509.860 19.411 0.013 19.744 0.015 20.111 0.019 20.018 0.041
4510.932 19.398 0.018 19.695 0.021 20.082 0.027 19.965 0.057
4520.850 19.390 0.025 19.773 0.029 20.082 0.037 20.081 0.078
4524.867 19.369 0.016 19.807 0.019 20.093 0.023 20.022 0.050
4526.951 19.364 0.017 19.731 0.020 20.162 0.026 20.101 0.054
4528.823 19.465 0.018 19.893 0.021 20.085 0.027 20.016 0.058
4531.684 19.408 0.015 19.823 0.018 20.126 0.022 20.006 0.047
4533.830 19.358 0.014 19.746 0.016 20.023 0.020 19.979 0.042
4534.931 19.408 0.017 19.755 0.021 20.147 0.026 19.879 0.055
4536.704 19.427 0.014 19.762 0.017 20.090 0.021 19.960 0.044
4537.616 19.455 0.023 19.706 0.027 20.094 0.034 19.917 0.073
4538.823 19.404 0.013 19.733 0.016 20.020 0.020 20.033 0.041
4551.701 19.471 0.013 19.726 0.015 19.879 0.019 19.926 0.039
4552.827 19.395 0.018 19.705 0.021 20.054 0.027 19.875 0.057
4553.831 19.460 0.015 19.696 0.018 19.992 0.023 19.945 0.048
4554.630 19.403 0.014 19.689 0.016 19.996 0.020 19.926 0.043
4557.788 19.450 0.015 19.637 0.017 19.965 0.022 19.810 0.046
4558.711 19.450 0.014 19.723 0.016 19.963 0.020 19.871 0.043
4560.736 19.440 0.014 19.720 0.016 19.988 0.020 19.885 0.043
4564.734 19.476 0.014 19.752 0.016 19.963 0.020 19.897 0.043
4565.814 19.500 0.017 19.727 0.020 20.063 0.025 19.908 0.054
4566.731 19.503 0.018 19.721 0.021 20.023 0.027 19.850 0.057
4567.773 19.484 0.021 19.841 0.025 19.977 0.032 19.881 0.067
4569.691 19.642 0.025 19.963 0.029 19.918 0.037 20.048 0.079
4571.621 19.551 0.037 19.565 0.044 19.853 0.056 19.882 0.118
4578.753 19.366 0.026 19.916 0.030 20.167 0.038 19.818 0.081
4579.683 19.497 0.014 19.743 0.017 20.118 0.021 20.023 0.044
4581.631 19.490 0.016 19.779 0.019 20.159 0.024 20.005 0.052
4583.664 19.495 0.016 19.763 0.018 20.191 0.023 19.946 0.049
4585.732 19.446 0.013 19.787 0.016 20.099 0.019 19.994 0.041
4586.683 19.472 0.015 19.777 0.018 20.090 0.022 19.962 0.047
4587.668 19.469 0.016 19.769 0.018 20.098 0.023 20.010 0.049
4588.634 19.413 0.018 19.811 0.021 20.228 0.026 20.070 0.055
4589.633 19.390 0.017 19.722 0.020 20.221 0.026 20.022 0.054
4590.706 19.508 0.016 19.651 0.019 20.146 0.023 20.158 0.049
4592.653 19.432 0.015 19.795 0.018 20.110 0.022 20.038 0.047
4593.728 19.464 0.017 19.837 0.020 20.178 0.025 19.998 0.054
4596.722 19.446 0.026 19.910 0.030 20.325 0.039 20.022 0.082
4597.688 19.410 0.025 19.892 0.029 20.192 0.037 20.043 0.077
4599.672 19.496 0.029 19.804 0.034 20.091 0.042 19.996 0.090
4607.663 19.465 0.025 19.730 0.029 20.025 0.037 20.052 0.078
4611.666 19.551 0.016 19.882 0.019 19.929 0.024 20.188 0.050
4615.667 19.532 0.018 19.889 0.022 20.089 0.028 20.007 0.058
4616.649 19.497 0.023 19.806 0.027 20.132 0.034 20.033 0.072
4618.651 19.499 0.020 19.783 0.024 20.119 0.030 20.101 0.064
4620.655 19.571 0.017 19.821 0.020 20.083 0.025 20.042 0.053
4621.656 19.534 0.017 19.864 0.020 20.122 0.025 20.139 0.052
4622.660 19.504 0.019 19.770 0.023 19.980 0.029 20.097 0.061
4624.651 19.595 0.025 19.767 0.029 19.996 0.037 19.932 0.079
4625.666 19.543 0.019 19.743 0.023 20.070 0.029 20.037 0.061
4628.662 19.508 0.025 19.871 0.029 19.982 0.037 20.032 0.079
4629.649 19.495 0.036 19.923 0.043 20.095 0.054 20.147 0.114
4769.906 19.629 0.023 19.972 0.027 20.521 0.034 19.932 0.073
4772.920 19.650 0.022 19.974 0.025 20.292 0.032 20.024 0.069
4774.026 19.713 0.023 19.913 0.028 20.407 0.035 19.914 0.075
4776.008 19.569 0.024 19.963 0.028 20.337 0.036 19.826 0.077
4790.007 19.552 0.027 19.993 0.032 20.543 0.041 19.948 0.086
4790.989 19.628 0.022 20.018 0.026 20.586 0.032 19.987 0.069
4793.024 19.606 0.022 20.062 0.026 20.414 0.033 20.046 0.070
4794.029 19.535 0.017 19.986 0.020 20.472 0.025 19.944 0.054
4795.022 19.599 0.020 19.924 0.023 20.542 0.029 20.071 0.062
4801.941 19.527 0.017 19.998 0.020 20.623 0.025 19.939 0.054
4803.018 19.623 0.015 20.087 0.018 20.584 0.023 19.979 0.048
4804.826 19.558 0.019 20.003 0.022 20.560 0.028 19.997 0.061
4807.027 19.590 0.018 20.062 0.021 20.624 0.026 19.994 0.056
4807.899 19.609 0.018 20.088 0.021 20.527 0.027 20.083 0.058
4812.028 19.661 0.033 20.216 0.039 20.380 0.050 19.959 0.106
4822.055 19.550 0.022 19.928 0.026 20.582 0.033 19.989 0.071
4822.913 19.639 0.015 19.957 0.018 20.583 0.023 20.148 0.049
4829.923 19.696 0.017 20.039 0.020 20.619 0.026 20.092 0.055
4834.052 19.654 0.016 20.045 0.019 20.523 0.024 20.021 0.050
4840.929 19.759 0.034 19.919 0.041 20.604 0.052 20.098 0.110
4856.908 19.806 0.015 20.049 0.017 20.447 0.022 19.884 0.047
4860.983 19.781 0.017 20.197 0.020 20.439 0.026 20.005 0.055
4863.917 19.665 0.014 19.962 0.017 20.614 0.021 20.084 0.044
4866.884 19.702 0.021 19.970 0.024 20.401 0.031 19.962 0.066
4867.852 19.700 0.023 20.016 0.027 20.476 0.035 19.856 0.074
4878.780 19.659 0.014 19.996 0.017 20.559 0.021 19.938 0.045
4879.620 19.641 0.019 19.968 0.023 20.455 0.029 19.861 0.062
4882.013 19.597 0.020 19.863 0.024 20.548 0.030 19.973 0.064
4882.861 19.704 0.015 19.991 0.017 20.379 0.022 19.998 0.047
4883.798 19.623 0.014 19.977 0.016 20.549 0.021 19.960 0.044
4886.670 19.646 0.017 20.040 0.020 20.337 0.025 20.006 0.054
4888.652 19.674 0.016 19.967 0.019 20.613 0.023 19.984 0.050
4890.942 19.696 0.017 19.918 0.020 20.442 0.025 20.045 0.053
4891.799 19.730 0.013 19.919 0.015 20.504 0.019 20.057 0.040
4893.857 19.628 0.015 20.061 0.018 20.393 0.023 20.007 0.049
4905.844 19.716 0.026 20.199 0.030 20.668 0.038 20.074 0.081
4906.843 19.734 0.021 20.143 0.024 20.445 0.031 20.019 0.065
4907.642 19.793 0.017 20.053 0.020 20.418 0.026 20.040 0.055
4908.647 19.755 0.016 20.039 0.019 20.390 0.025 20.055 0.052
4910.610 19.709 0.024 20.078 0.029 20.688 0.037 19.933 0.078
4911.650 19.590 0.016 20.164 0.019 20.316 0.024 20.060 0.051
4920.702 19.713 0.016 20.161 0.019 20.505 0.024 20.052 0.051
4922.657 19.750 0.020 20.056 0.023 20.636 0.030 20.084 0.063
4923.670 19.740 0.021 20.181 0.025 20.492 0.032 20.100 0.067
4934.646 19.693 0.016 20.193 0.018 20.400 0.023 20.093 0.049
4938.725 19.704 0.017 19.967 0.020 20.346 0.025 19.990 0.053
4939.702 19.678 0.014 20.045 0.017 20.302 0.021 20.074 0.045
4940.647 19.645 0.015 20.023 0.018 20.375 0.023 19.998 0.048
4942.752 19.773 0.016 19.997 0.019 20.403 0.024 20.107 0.051
4943.634 19.645 0.016 20.026 0.018 20.372 0.023 20.094 0.050
4944.668 19.611 0.014 19.962 0.016 20.442 0.020 19.950 0.044
4945.683 19.602 0.017 19.962 0.020 20.380 0.025 20.014 0.054
4946.706 19.754 0.017 20.169 0.020 20.326 0.026 20.128 0.055
4947.682 19.724 0.015 19.997 0.017 20.402 0.022 20.058 0.047
4948.664 19.735 0.016 20.052 0.019 20.383 0.023 20.023 0.050
4951.647 19.716 0.018 19.984 0.021 20.436 0.027 20.091 0.057
4968.652 19.720 0.016 20.009 0.019 20.330 0.024 20.064 0.050
4974.690 19.699 0.017 20.066 0.020 20.377 0.026 20.077 0.055
4976.671 19.811 0.016 20.037 0.019 20.317 0.024 19.989 0.052
4977.654 19.672 0.016 19.993 0.019 20.204 0.025 20.062 0.052
4979.652 19.703 0.022 20.041 0.026 20.386 0.034 19.992 0.071
4981.663 19.773 0.024 20.113 0.028 20.436 0.036 19.961 0.076
4982.708 19.729 0.026 20.346 0.031 20.332 0.039 19.906 0.083
4995.677 19.650 0.018 19.853 0.022 20.210 0.028 20.195 0.059
4999.668 19.856 0.018 20.252 0.022 20.170 0.028 20.130 0.059
5006.673 19.903 0.024 20.228 0.028 20.476 0.036 20.197 0.076
5134.999 20.183 0.020 20.334 0.024 19.692 0.031 20.108 0.064
5135.992 19.974 0.021 20.371 0.024 19.692 0.031 20.053 0.066
5145.006 19.889 0.031 20.405 0.036 19.792 0.046 19.992 0.098
5147.023 19.986 0.022 20.437 0.026 19.598 0.033 20.001 0.070
5151.033 19.834 0.025 20.526 0.030 19.708 0.039 20.117 0.082
5157.007 20.099 0.018 20.647 0.021 19.748 0.028 20.187 0.058
5157.975 20.052 0.017 20.431 0.020 19.691 0.026 20.274 0.054
5159.021 20.061 0.017 20.574 0.020 19.628 0.026 20.295 0.054
5160.936 19.985 0.019 20.419 0.023 19.693 0.029 20.248 0.061
5177.004 20.050 0.018 20.632 0.021 19.589 0.027 20.125 0.056
5186.008 19.958 0.017 20.748 0.020 19.525 0.026 20.183 0.054
5192.015 20.050 0.018 20.751 0.021 19.481 0.027 20.125 0.056
5202.920 20.231 0.023 20.600 0.027 19.594 0.035 20.189 0.073
5207.998 20.220 0.018 20.615 0.021 19.628 0.027 20.377 0.058
5214.019 20.269 0.018 20.782 0.022 19.565 0.028 20.328 0.059
5242.857 20.247 0.015 20.434 0.018 19.551 0.023 20.496 0.048
5244.045 20.184 0.028 20.150 0.033 19.454 0.043 20.523 0.090
5244.811 20.139 0.015 20.344 0.017 19.517 0.022 20.582 0.047
5245.908 20.206 0.017 20.281 0.020 19.619 0.026 20.501 0.054
5246.927 20.210 0.018 20.186 0.021 19.608 0.027 20.533 0.057
5259.866 20.189 0.025 20.213 0.030 19.646 0.038 20.413 0.081
5267.797 20.090 0.018 20.278 0.021 19.562 0.027 20.344 0.056
5268.792 20.008 0.018 20.241 0.021 19.551 0.027 20.409 0.057
5269.865 20.112 0.017 20.185 0.020 19.666 0.026 20.285 0.055
5275.850 20.004 0.017 20.145 0.020 19.595 0.026 20.305 0.054
5289.733 19.888 0.017 19.953 0.020 19.628 0.025 20.525 0.053
5290.770 19.750 0.015 19.966 0.017 19.643 0.022 20.422 0.047
5292.806 19.953 0.016 20.130 0.019 19.603 0.024 20.501 0.051
5295.691 19.812 0.016 20.034 0.019 19.615 0.025 20.298 0.052
5296.784 19.872 0.016 20.053 0.019 19.603 0.024 20.368 0.050
5300.779 20.008 0.016 19.998 0.019 19.686 0.024 20.493 0.050
5302.632 19.909 0.020 20.079 0.024 19.629 0.031 20.524 0.065
5320.779 19.725 0.017 19.925 0.020 19.637 0.026 20.297 0.054
5327.798 19.796 0.020 20.023 0.024 19.691 0.030 20.254 0.064
5335.676 19.705 0.020 19.952 0.024 19.619 0.031 20.584 0.064
5338.665 19.728 0.027 19.940 0.032 19.755 0.041 20.360 0.086
5363.661 19.746 0.025 19.939 0.029 19.514 0.037 20.248 0.078
5494.013 20.035 0.041 20.300 0.049 19.513 0.063 20.291 0.133
5508.994 19.817 0.017 20.133 0.021 19.394 0.027 20.515 0.056
5511.003 19.963 0.018 20.130 0.021 19.493 0.028 20.390 0.058
5516.015 19.903 0.018 20.172 0.021 19.419 0.027 20.444 0.056
5534.013 19.817 0.020 20.360 0.024 19.616 0.030 20.458 0.064
5536.042 19.879 0.015 20.355 0.018 19.511 0.023 20.345 0.048
5536.928 19.810 0.015 20.405 0.018 19.402 0.023 20.283 0.048
5546.979 20.007 0.016 20.364 0.019 19.436 0.025 20.464 0.052
5569.033 19.960 0.015 20.634 0.017 19.492 0.022 20.603 0.046
5570.019 19.929 0.016 20.648 0.018 19.539 0.024 20.579 0.049
5571.039 20.143 0.015 20.644 0.018 19.490 0.024 20.521 0.049
5578.037 20.080 0.017 20.456 0.020 19.505 0.026 20.632 0.054
5589.905 20.033 0.014 20.695 0.016 19.523 0.021 20.448 0.044
5591.034 20.061 0.019 20.731 0.023 19.465 0.029 20.559 0.061
5591.796 20.097 0.013 20.912 0.015 19.546 0.020 20.367 0.042
5594.045 20.100 0.016 20.705 0.019 19.491 0.025 20.337 0.052
5597.842 20.120 0.015 21.029 0.018 19.489 0.023 20.401 0.048
5600.893 20.192 0.015 20.815 0.018 19.592 0.023 20.413 0.048
5605.972 20.281 0.018 20.940 0.021 19.512 0.027 20.277 0.058
5608.002 19.864 0.022 20.662 0.026 19.596 0.033 20.352 0.069
5623.643 20.270 0.017 20.609 0.020 19.583 0.025 20.294 0.053
5645.821 20.260 0.016 20.801 0.019 19.609 0.024 20.312 0.051
5646.903 20.228 0.021 20.607 0.025 19.600 0.032 20.119 0.067
5659.816 20.313 0.016 20.760 0.019 19.642 0.025 20.237 0.053
5671.667 20.202 0.014 20.588 0.016 19.716 0.021 20.663 0.043
5681.655 20.272 0.015 20.662 0.018 19.864 0.023 20.227 0.049
5686.697 20.148 0.015 20.622 0.018 19.937 0.023 20.187 0.048
5688.715 20.133 0.017 20.497 0.020 19.934 0.025 20.289 0.053
5706.671 20.193 0.020 20.541 0.023 19.834 0.030 20.524 0.063
5707.673 20.242 0.021 20.515 0.025 19.824 0.031 20.325 0.066
5708.664 20.278 0.018 20.621 0.022 19.840 0.028 20.547 0.058
5710.647 20.202 0.023 20.588 0.027 19.784 0.035 20.371 0.074
5711.645 20.389 0.030 20.721 0.035 19.789 0.046 20.371 0.096
5715.664 20.013 0.018 20.366 0.021 19.851 0.027 20.388 0.057
5724.664 20.321 0.033 20.343 0.039 19.786 0.049 20.407 0.104
5732.690 20.060 0.027 20.422 0.032 19.732 0.041 20.443 0.086
5857.001 19.998 0.026 20.046 0.031 19.875 0.040 20.721 0.085
5859.987 19.983 0.021 20.142 0.025 19.762 0.032 20.641 0.067
5862.021 19.963 0.026 19.936 0.031 19.781 0.040 20.685 0.084
5862.993 20.189 0.023 20.250 0.027 19.773 0.035 20.574 0.073
5863.966 20.131 0.026 20.260 0.031 19.745 0.040 20.434 0.084
5867.000 20.046 0.019 20.177 0.023 19.857 0.029 20.526 0.062
5869.020 19.792 0.022 20.008 0.026 19.951 0.033 20.608 0.070
5887.982 19.801 0.022 19.884 0.026 19.873 0.033 20.261 0.069
5889.011 19.752 0.022 19.889 0.026 19.785 0.034 20.575 0.071
5923.035 19.642 0.017 19.656 0.020 19.571 0.026 20.708 0.054
5926.029 19.597 0.016 19.536 0.019 19.622 0.024 20.665 0.050
5929.029 19.702 0.018 19.651 0.021 19.656 0.027 20.653 0.056
5931.030 19.590 0.019 19.522 0.023 19.617 0.029 20.434 0.061
5932.029 19.471 0.018 19.588 0.022 19.638 0.028 20.562 0.058
5933.030 19.634 0.018 19.556 0.021 19.499 0.027 20.562 0.056
5939.941 19.400 0.033 19.361 0.039 19.664 0.050 20.604 0.106
5957.036 19.447 0.020 19.523 0.024 19.646 0.031 20.592 0.064
5959.034 19.461 0.019 19.498 0.023 19.593 0.029 20.551 0.061
5960.034 19.479 0.022 19.555 0.026 19.688 0.033 20.840 0.069
5963.034 19.561 0.020 19.447 0.024 19.691 0.031 20.384 0.064
5968.991 19.356 0.034 19.501 0.041 19.811 0.052 20.791 0.110
5970.992 19.360 0.028 19.431 0.033 19.557 0.043 20.724 0.090
5979.969 19.337 0.022 19.366 0.026 19.676 0.033 20.810 0.069
5982.994 19.394 0.022 19.475 0.026 19.650 0.033 20.620 0.068
5986.979 19.333 0.021 19.394 0.025 19.758 0.032 20.850 0.068
5990.991 19.330 0.021 19.392 0.025 19.773 0.031 20.549 0.066
5999.917 19.264 0.026 19.456 0.031 19.696 0.039 20.618 0.082
6011.820 19.329 0.018 19.410 0.021 19.616 0.027 20.692 0.057
6013.888 19.318 0.019 19.378 0.023 19.538 0.029 20.690 0.061
6014.838 19.187 0.017 19.341 0.020 19.539 0.025 20.766 0.053
6015.813 19.261 0.016 19.484 0.019 19.522 0.025 20.655 0.051
6017.679 19.214 0.023 19.422 0.027 19.639 0.035 20.688 0.073
6028.674 19.277 0.016 19.450 0.019 19.639 0.025 20.761 0.051
6029.670 19.282 0.019 19.379 0.022 19.520 0.029 20.644 0.060
6030.739 19.251 0.018 19.404 0.021 19.692 0.026 20.771 0.055
6035.860 19.180 0.022 19.339 0.026 19.546 0.033 20.798 0.069
6036.746 19.273 0.018 19.491 0.022 19.562 0.028 20.499 0.058
6038.678 19.160 0.019 19.365 0.022 19.687 0.028 20.668 0.059
6039.832 19.218 0.022 19.305 0.026 19.545 0.034 20.669 0.071
6041.678 19.310 0.018 19.418 0.021 19.565 0.027 20.809 0.056
6048.762 19.123 0.033 19.438 0.039 19.722 0.049 20.458 0.104
6054.672 19.127 0.034 19.320 0.040 19.738 0.051 20.459 0.108
6055.668 19.193 0.018 19.483 0.021 19.549 0.027 20.710 0.056
6059.670 19.263 0.018 19.402 0.022 19.713 0.027 20.891 0.057
6060.652 19.174 0.017 19.438 0.020 19.698 0.026 20.927 0.053
6066.640 19.157 0.024 19.486 0.028 19.567 0.036 20.616 0.075
6075.660 19.252 0.022 19.485 0.026 19.805 0.033 20.900 0.071
6077.647 19.059 0.032 19.331 0.038 19.676 0.048 20.484 0.102
6086.656 19.179 0.022 19.368 0.026 19.706 0.033 20.501 0.070
6331.813 19.113 0.017 19.180 0.021 19.617 0.026 20.368 0.054
6333.934 19.034 0.017 19.144 0.021 19.577 0.026 20.525 0.054
6334.954 19.075 0.017 19.178 0.020 19.592 0.025 20.515 0.052
6336.955 19.057 0.017 19.241 0.020 19.529 0.025 20.454 0.053
6340.856 19.022 0.016 19.187 0.018 19.551 0.023 20.519 0.048
6341.752 19.036 0.021 19.245 0.025 19.526 0.032 20.663 0.067
6342.655 18.985 0.029 19.193 0.034 19.646 0.043 20.393 0.091
6353.611 19.029 0.022 19.233 0.026 19.517 0.033 20.506 0.068
6354.746 19.063 0.016 19.334 0.018 19.500 0.023 20.570 0.048
6358.613 19.010 0.020 19.344 0.023 19.431 0.029 20.752 0.061
6363.901 19.072 0.019 19.349 0.022 19.463 0.028 20.499 0.058
6365.618 19.007 0.020 19.298 0.023 19.450 0.029 20.703 0.061
6366.832 19.016 0.016 19.262 0.018 19.432 0.023 20.550 0.048
6368.953 19.156 0.022 19.326 0.026 19.514 0.032 20.493 0.068
6369.815 19.068 0.016 19.311 0.019 19.497 0.024 20.505 0.051
6370.615 18.990 0.027 19.181 0.032 19.410 0.041 20.892 0.085
6381.623 19.054 0.020 19.432 0.024 19.606 0.030 20.510 0.063
6382.810 19.085 0.025 19.411 0.029 19.419 0.037 20.684 0.078
6383.628 19.058 0.017 19.289 0.020 19.419 0.025 20.506 0.052
6385.769 19.053 0.018 19.319 0.021 19.447 0.027 20.706 0.056
6390.753 19.047 0.016 19.364 0.019 19.357 0.024 20.728 0.050
6394.640 19.073 0.018 19.386 0.022 19.413 0.027 20.517 0.057
6395.627 19.160 0.019 19.364 0.022 19.438 0.028 20.567 0.059
6396.780 19.086 0.017 19.396 0.020 19.369 0.025 20.969 0.052
6397.767 19.084 0.019 19.361 0.022 19.531 0.028 20.594 0.058
6398.630 19.099 0.020 19.409 0.024 19.442 0.030 20.622 0.063
6410.630 19.077 0.020 19.493 0.023 19.430 0.030 20.797 0.062
6411.635 19.163 0.020 19.476 0.024 19.401 0.031 20.617 0.064
6420.637 19.110 0.020 19.473 0.023 19.436 0.030 20.402 0.062
6421.674 19.138 0.018 19.493 0.021 19.449 0.026 20.660 0.055
6425.650 19.103 0.017 19.407 0.020 19.377 0.026 20.635 0.054
6428.651 19.102 0.022 19.381 0.027 19.524 0.034 20.561 0.071
6442.677 19.228 0.020 19.438 0.024 19.443 0.030 20.598 0.063
6590.931 19.361 0.018 19.665 0.021 19.625 0.027 20.715 0.054
6593.926 19.355 0.018 19.668 0.021 19.603 0.027 20.767 0.055
6598.919 19.410 0.017 19.739 0.020 19.628 0.025 20.566 0.052
6603.007 19.408 0.012 19.720 0.013 19.622 0.017 20.691 0.032
6604.893 19.380 0.014 19.754 0.016 19.608 0.020 20.726 0.040
6606.889 19.399 0.011 19.762 0.013 19.653 0.016 20.670 0.032
6608.030 19.425 0.014 19.747 0.016 19.652 0.020 20.672 0.039
6609.020 19.380 0.013 19.713 0.015 19.660 0.019 20.628 0.037
6617.990 19.384 0.018 19.695 0.021 19.733 0.026 20.631 0.053
6622.012 19.395 0.013 19.673 0.015 19.746 0.019 20.586 0.038
6624.952 19.385 0.011 19.664 0.012 19.749 0.015 20.574 0.028
6629.051 19.380 0.014 19.643 0.017 19.801 0.021 20.559 0.041
6630.009 19.401 0.011 19.667 0.013 19.811 0.016 20.572 0.031
6633.942 19.404 0.015 19.677 0.017 19.776 0.022 20.502 0.044
6634.831 19.420 0.027 19.708 0.032 19.746 0.041 20.591 0.086
6639.041 19.428 0.014 19.699 0.017 19.788 0.021 20.556 0.043
6640.799 19.401 0.041 19.642 0.048 19.769 0.062 20.654 0.130
6643.853 19.429 0.033 19.662 0.039 19.784 0.049 20.570 0.103
6650.007 19.488 0.023 19.729 0.027 19.811 0.034 20.487 0.070
6650.955 19.474 0.016 19.666 0.018 19.799 0.023 20.546 0.046
6653.004 19.465 0.020 19.669 0.023 19.756 0.030 20.641 0.061
6654.033 19.496 0.017 19.683 0.020 19.748 0.026 20.597 0.053
6654.962 19.437 0.012 19.674 0.014 19.760 0.017 20.588 0.034
6655.855 19.435 0.012 19.701 0.014 19.788 0.018 20.565 0.035
6656.795 19.422 0.015 19.679 0.018 19.796 0.023 20.684 0.047
6658.944 19.406 0.011 19.652 0.012 19.789 0.015 20.596 0.029
6660.028 19.445 0.014 19.693 0.017 19.789 0.021 20.653 0.042
6660.825 19.406 0.010 19.685 0.012 19.780 0.015 20.636 0.028
6664.036 19.396 0.011 19.665 0.012 19.780 0.015 20.736 0.028
6666.902 19.391 0.013 19.646 0.015 19.760 0.019 20.675 0.039
6668.724 19.390 0.025 19.688 0.029 19.769 0.037 20.755 0.077
6670.019 19.372 0.012 19.678 0.014 19.748 0.017 20.646 0.033
6670.951 19.388 0.023 19.620 0.027 19.752 0.034 20.761 0.071
6671.891 19.357 0.023 19.663 0.026 19.767 0.033 20.622 0.067
6672.984 19.410 0.041 19.667 0.049 19.741 0.062 20.625 0.131
6673.943 19.334 0.032 19.614 0.038 19.753 0.048 20.714 0.099
6674.879 19.392 0.030 19.643 0.035 19.731 0.044 20.701 0.092
6675.895 19.364 0.022 19.597 0.025 19.714 0.031 20.634 0.064
6677.890 19.344 0.017 19.629 0.019 19.734 0.024 20.781 0.048
6678.892 19.351 0.018 19.655 0.021 19.722 0.026 20.656 0.052
6680.894 19.350 0.014 19.631 0.016 19.703 0.020 20.707 0.041
6683.987 19.373 0.012 19.627 0.014 19.686 0.017 20.757 0.033
6686.681 19.362 0.013 19.610 0.015 19.677 0.019 20.778 0.038
6687.978 19.369 0.012 19.590 0.014 19.673 0.017 20.756 0.033
6690.862 19.407 0.014 19.561 0.017 19.684 0.021 20.721 0.042
6691.833 19.397 0.013 19.571 0.015 19.669 0.018 20.752 0.036
6693.840 19.398 0.012 19.571 0.013 19.665 0.017 20.775 0.032
6694.857 19.401 0.013 19.548 0.016 19.667 0.020 20.747 0.038
6697.040 19.373 0.017 19.463 0.021 19.607 0.026 20.591 0.054
6697.824 19.378 0.019 19.517 0.022 19.647 0.027 20.833 0.055
6698.656 19.325 0.034 19.506 0.040 19.728 0.051 20.766 0.107
6700.796 19.381 0.029 19.501 0.034 19.816 0.043 20.681 0.089
6701.814 19.425 0.028 19.490 0.033 19.702 0.041 20.683 0.085
6706.831 19.408 0.017 19.427 0.020 19.702 0.025 20.772 0.050
6707.821 19.387 0.027 19.393 0.031 19.688 0.039 20.663 0.081
6708.916 19.415 0.019 19.416 0.023 19.675 0.028 20.653 0.057
6710.009 19.401 0.020 19.390 0.023 19.722 0.029 20.785 0.060
6710.800 19.413 0.012 19.386 0.014 19.702 0.017 20.689 0.033
6713.779 19.385 0.011 19.399 0.013 19.735 0.016 20.738 0.030
6715.926 19.402 0.007 19.329 0.009 19.781 0.010 20.646 0.021
6716.975 19.379 0.013 19.376 0.015 19.746 0.019 20.784 0.037
6720.923 19.386 0.013 19.371 0.016 19.753 0.019 20.681 0.039
6721.965 19.384 0.019 19.393 0.023 19.737 0.029 20.859 0.060
6722.772 19.410 0.011 19.389 0.012 19.798 0.015 20.744 0.029
6726.781 19.364 0.029 19.394 0.034 19.817 0.044 20.736 0.092
6727.629 19.406 0.024 19.402 0.028 19.819 0.035 20.714 0.073
6728.771 19.384 0.020 19.357 0.024 19.780 0.029 20.746 0.060
6729.819 19.411 0.027 19.380 0.032 19.767 0.040 20.716 0.082
6730.941 19.367 0.031 19.359 0.036 19.876 0.045 20.676 0.094
6731.924 19.327 0.038 19.344 0.045 19.865 0.056 20.760 0.116
6739.645 19.408 0.012 19.428 0.014 19.856 0.017 20.735 0.033
6740.749 19.408 0.012 19.436 0.014 19.866 0.017 20.731 0.033
6742.909 19.344 0.014 19.407 0.016 19.857 0.020 20.693 0.040
6743.824 19.359 0.013 19.379 0.016 19.839 0.019 20.787 0.039
6745.756 19.329 0.013 19.405 0.015 19.895 0.019 20.722 0.038
6747.834 19.313 0.013 19.399 0.015 19.865 0.018 20.783 0.037
6748.646 19.339 0.011 19.408 0.013 19.907 0.015 20.716 0.030
6752.688 19.265 0.017 19.384 0.020 19.887 0.025 20.777 0.051
6755.709 19.320 0.019 19.443 0.022 19.901 0.027 20.835 0.056
6756.767 19.279 0.018 19.423 0.020 19.920 0.025 20.781 0.050
6760.727 19.263 0.022 19.406 0.026 19.991 0.032 20.721 0.067
6764.801 19.303 0.023 19.432 0.027 20.010 0.034 20.746 0.070
6766.668 19.290 0.011 19.442 0.013 20.005 0.015 20.761 0.030
6771.652 19.287 0.012 19.448 0.013 20.025 0.016 20.794 0.031
6772.653 19.307 0.011 19.460 0.013 20.021 0.015 20.788 0.028
6775.737 19.287 0.014 19.434 0.016 20.073 0.019 20.799 0.039
6778.757 19.294 0.014 19.398 0.017 20.067 0.020 20.858 0.042
6779.660 19.313 0.011 19.441 0.012 20.058 0.014 20.837 0.028
6782.662 19.307 0.012 19.423 0.014 20.030 0.017 20.832 0.034
6783.667 19.306 0.014 19.403 0.016 20.022 0.019 20.803 0.038
6785.663 19.321 0.019 19.383 0.022 20.028 0.027 20.740 0.056
6793.635 19.305 0.014 19.363 0.017 20.064 0.020 20.846 0.040
6794.636 19.291 0.014 19.333 0.017 19.990 0.020 20.781 0.040
6795.636 19.313 0.015 19.353 0.017 20.031 0.021 20.783 0.043
6798.638 19.332 0.014 19.356 0.017 20.058 0.020 20.935 0.040
6799.683 19.327 0.012 19.367 0.014 20.004 0.016 20.850 0.032
6801.640 19.279 0.018 19.325 0.021 20.025 0.026 20.901 0.053
6802.671 19.313 0.014 19.347 0.017 19.998 0.020 20.835 0.042
6804.640 19.309 0.018 19.342 0.021 20.025 0.026 20.729 0.052
6805.641 19.315 0.017 19.360 0.020 20.038 0.024 20.807 0.050
6807.643 19.316 0.015 19.362 0.018 20.011 0.021 20.829 0.043
6809.662 19.343 0.011 19.355 0.013 20.062 0.015 20.813 0.030
6811.658 19.340 0.015 19.365 0.017 20.053 0.021 20.878 0.043
6813.659 19.326 0.017 19.331 0.020 20.050 0.024 20.869 0.049
6816.658 19.299 0.017 19.351 0.020 20.028 0.024 20.802 0.048
6818.645 19.310 0.031 19.394 0.037 20.074 0.046 20.559 0.096
6819.661 19.326 0.020 19.347 0.023 20.024 0.028 20.906 0.056
6821.661 19.310 0.026 19.356 0.031 19.963 0.038 20.821 0.078
6822.661 19.313 0.020 19.340 0.024 20.004 0.029 20.880 0.059
6823.661 19.308 0.013 19.376 0.015 20.053 0.018 20.940 0.037
6830.648 19.284 0.026 19.385 0.031 20.060 0.038 21.212 0.080
6831.648 19.256 0.021 19.339 0.025 20.125 0.030 20.847 0.062
6832.648 19.239 0.021 19.384 0.025 20.155 0.030 20.955 0.061
6833.648 19.265 0.025 19.397 0.029 20.180 0.036 20.979 0.075
6834.648 19.288 0.023 19.394 0.027 20.110 0.033 20.889 0.068
6835.651 19.262 0.023 19.339 0.027 20.167 0.034 20.845 0.070
6836.648 19.308 0.028 19.376 0.033 20.147 0.041 20.813 0.084
6838.646 19.256 0.032 19.402 0.038 20.114 0.047 21.121 0.097
7170.652 19.201 0.014 19.162 0.017 20.165 0.020 20.699 0.040
7171.657 19.206 0.016 19.205 0.018 20.173 0.022 20.753 0.045
7172.657 19.182 0.018 19.159 0.021 20.161 0.025 20.633 0.053
7174.658 19.200 0.026 19.182 0.031 20.273 0.039 20.559 0.081
7176.659 19.140 0.022 19.236 0.026 20.225 0.032 20.428 0.066
7180.659 19.173 0.011 19.225 0.013 20.149 0.015 20.666 0.031
7185.662 19.117 0.013 19.162 0.016 20.210 0.019 20.642 0.038
7292.008 19.269 0.032 19.335 0.037 20.016 0.047 20.956 0.099
7305.003 19.259 0.018 19.365 0.021 20.055 0.026 21.202 0.054
7320.008 19.270 0.019 19.344 0.022 20.053 0.027 21.077 0.056
7333.994 19.308 0.013 19.392 0.015 19.976 0.018 21.072 0.035
7339.978 19.312 0.014 19.394 0.016 19.967 0.020 20.996 0.040
7344.992 19.337 0.012 19.382 0.014 19.982 0.017 20.948 0.034
7346.869 19.333 0.015 19.404 0.018 20.015 0.022 20.955 0.045
7359.918 19.355 0.018 19.363 0.021 19.993 0.026 21.024 0.054
7361.045 19.357 0.015 19.349 0.017 19.959 0.021 21.045 0.042
7364.956 19.329 0.013 19.350 0.016 19.985 0.019 20.965 0.038
7367.030 19.381 0.010 19.378 0.012 19.989 0.014 20.960 0.026
7387.055 19.396 0.019 19.448 0.023 19.906 0.028 20.991 0.057
7390.018 19.376 0.014 19.444 0.016 19.911 0.020 20.880 0.039
7390.953 19.355 0.013 19.417 0.015 19.870 0.019 20.965 0.037
7404.019 19.410 0.013 19.555 0.016 19.913 0.019 20.933 0.038
7416.785 19.411 0.022 19.571 0.026 19.990 0.033 21.094 0.069
7417.927 19.415 0.016 19.586 0.019 19.972 0.024 20.890 0.049
7432.035 19.433 0.013 19.570 0.015 20.068 0.018 20.888 0.037
7432.879 19.408 0.013 19.522 0.015 20.017 0.019 20.808 0.040
7433.966 19.427 0.015 19.575 0.017 20.106 0.021 20.864 0.043
7434.840 19.417 0.014 19.548 0.017 20.079 0.021 20.733 0.042
7437.014 19.413 0.015 19.574 0.018 20.107 0.022 20.796 0.046
7443.835 19.445 0.021 19.585 0.025 20.166 0.030 20.923 0.063
7444.832 19.426 0.017 19.547 0.019 20.147 0.024 20.743 0.049
7445.880 19.441 0.016 19.554 0.019 20.182 0.023 20.855 0.048
7446.689 19.441 0.010 19.492 0.012 20.205 0.015 20.730 0.029
7451.682 19.445 0.010 19.529 0.012 20.249 0.014 20.714 0.028
7454.846 19.504 0.010 19.544 0.012 20.293 0.014 20.731 0.029
7457.660 19.457 0.010 19.470 0.012 20.247 0.014 20.729 0.029
7458.652 19.492 0.010 19.507 0.012 20.298 0.013 20.699 0.027
7460.801 19.465 0.013 19.507 0.015 20.236 0.018 20.664 0.037
7461.628 19.463 0.012 19.479 0.014 20.269 0.017 20.690 0.035
7462.674 19.470 0.012 19.484 0.014 20.228 0.017 20.613 0.035
7473.650 19.494 0.010 19.450 0.012 20.235 0.014 20.688 0.028
7475.662 19.488 0.009 19.455 0.011 20.236 0.012 20.694 0.024
7481.784 19.472 0.015 19.514 0.017 20.243 0.021 20.718 0.044
7504.742 19.445 0.018 19.519 0.021 20.270 0.026 20.669 0.054
7505.770 19.427 0.016 19.555 0.018 20.161 0.022 20.754 0.046
7510.692 19.466 0.013 19.586 0.015 20.187 0.018 20.698 0.037
7512.633 19.444 0.013 19.588 0.015 20.140 0.019 20.699 0.038
7513.659 19.449 0.011 19.588 0.013 20.162 0.016 20.667 0.032
7515.636 19.463 0.016 19.636 0.018 20.154 0.023 20.680 0.047
7518.658 19.440 0.011 19.593 0.013 20.122 0.016 20.653 0.031
7519.659 19.457 0.012 19.615 0.014 20.125 0.017 20.656 0.033
7524.640 19.474 0.020 19.622 0.023 20.071 0.029 20.611 0.060
7525.640 19.450 0.021 19.670 0.024 20.016 0.030 20.662 0.062
7529.666 19.466 0.020 19.678 0.024 20.036 0.030 20.564 0.061
7532.643 19.461 0.013 19.666 0.015 20.033 0.018 20.567 0.037
7533.664 19.479 0.011 19.713 0.013 20.071 0.016 20.563 0.031
7534.656 19.499 0.016 19.701 0.018 20.066 0.023 20.544 0.047
7535.727 19.479 0.012 19.709 0.014 20.092 0.017 20.561 0.035
7536.716 19.486 0.014 19.702 0.016 20.088 0.020 20.532 0.040
7538.646 19.476 0.015 19.704 0.018 20.093 0.022 20.584 0.045
7541.668 19.485 0.012 19.743 0.014 20.085 0.017 20.562 0.035
7542.668 19.498 0.012 19.767 0.014 20.093 0.017 20.569 0.035
7544.647 19.521 0.020 19.769 0.024 20.098 0.030 20.478 0.063
7545.672 19.524 0.015 19.777 0.017 20.074 0.022 20.534 0.045
7552.651 19.557 0.025 19.848 0.030 20.028 0.037 20.400 0.078
7554.670 19.509 0.019 19.842 0.022 20.079 0.028 20.498 0.057
7555.673 19.554 0.019 19.882 0.022 20.081 0.027 20.479 0.056
7556.664 19.537 0.021 19.845 0.025 20.026 0.031 20.428 0.064
7665.999 19.860 0.016 20.064 0.019 19.722 0.024 20.048 0.050
7666.997 19.854 0.015 20.005 0.018 19.704 0.023 20.041 0.047
7669.994 19.861 0.018 20.008 0.021 19.784 0.026 19.965 0.055
7672.997 19.901 0.012 19.934 0.014 19.721 0.018 20.123 0.036
7687.980 19.865 0.014 19.852 0.017 19.700 0.021 20.084 0.043
7691.010 19.856 0.011 19.814 0.012 19.739 0.016 20.098 0.031
7691.940 19.873 0.013 19.768 0.015 19.752 0.019 20.048 0.040
7696.989 19.822 0.013 19.721 0.016 19.760 0.020 20.067 0.040
7698.940 19.826 0.015 19.738 0.018 19.744 0.023 20.053 0.048
7715.972 19.896 0.012 19.770 0.014 19.809 0.018 20.120 0.036
7717.908 19.887 0.013 19.775 0.016 19.743 0.020 20.101 0.041
7723.846 19.901 0.013 19.801 0.015 19.713 0.019 20.127 0.040
7724.942 19.870 0.013 19.862 0.015 19.747 0.020 20.141 0.040
7731.996 19.834 0.013 19.811 0.015 19.690 0.019 20.138 0.040
7743.024 19.793 0.015 19.753 0.018 19.645 0.023 20.173 0.046
7750.028 19.779 0.013 19.714 0.015 19.629 0.020 20.131 0.040
7756.891 19.752 0.010 19.705 0.012 19.598 0.016 20.175 0.030
7758.034 19.718 0.008 19.663 0.010 19.569 0.012 20.149 0.024
7759.014 19.714 0.009 19.649 0.011 19.549 0.014 20.133 0.027
7759.941 19.738 0.010 19.721 0.012 19.589 0.016 20.222 0.031
7760.747 19.773 0.021 19.804 0.025 19.615 0.032 20.136 0.066
7762.843 19.734 0.017 19.687 0.020 19.590 0.025 20.146 0.051
7764.031 19.717 0.012 19.710 0.014 19.575 0.018 20.156 0.036
7772.714 19.701 0.012 19.778 0.014 19.583 0.019 20.208 0.037
7775.764 19.729 0.015 19.844 0.017 19.631 0.022 20.195 0.046
7776.860 19.689 0.012 19.803 0.014 19.590 0.017 20.155 0.035
7783.795 19.715 0.013 19.849 0.015 19.639 0.019 20.186 0.039
7785.008 19.630 0.010 19.758 0.012 19.616 0.015 20.172 0.030
7785.976 19.652 0.009 19.761 0.011 19.640 0.014 20.189 0.027
7788.849 19.649 0.009 19.759 0.010 19.661 0.012 20.198 0.024
7800.869 19.685 0.021 19.863 0.024 19.652 0.031 20.179 0.065
7801.662 19.698 0.014 19.802 0.016 19.650 0.020 20.184 0.042
7806.974 19.617 0.012 19.777 0.014 19.679 0.017 20.129 0.034
7807.674 19.684 0.012 19.812 0.013 19.700 0.017 20.133 0.035
7808.989 19.688 0.016 19.816 0.019 19.649 0.024 20.102 0.049
7809.813 19.638 0.010 19.780 0.011 19.645 0.014 20.110 0.028
7811.801 19.643 0.010 19.815 0.011 19.655 0.014 20.121 0.028
7814.635 19.735 0.017 19.929 0.020 19.613 0.026 20.157 0.053
7816.873 19.666 0.009 19.872 0.011 19.656 0.014 20.129 0.027
7817.661 19.673 0.015 19.906 0.017 19.659 0.022 20.077 0.045
7826.757 19.694 0.017 19.999 0.019 19.659 0.025 20.124 0.049
7830.784 19.654 0.011 19.973 0.012 19.656 0.015 20.129 0.030
7832.842 19.746 0.010 20.049 0.012 19.694 0.015 20.185 0.030
7834.619 19.653 0.011 19.968 0.012 19.649 0.016 20.150 0.031
7836.634 19.778 0.017 20.151 0.020 19.639 0.026 20.116 0.054
7837.825 19.675 0.009 19.982 0.010 19.660 0.013 20.128 0.026
7840.631 19.692 0.012 20.006 0.014 19.655 0.018 20.143 0.037
7841.620 19.732 0.015 20.042 0.018 19.630 0.023 20.183 0.047
7842.618 19.679 0.013 20.001 0.015 19.647 0.019 20.191 0.039
7843.623 19.658 0.011 19.958 0.013 19.603 0.017 20.149 0.033
7855.785 19.724 0.019 20.002 0.022 19.624 0.028 20.237 0.058
7856.637 19.667 0.011 19.962 0.012 19.623 0.016 20.208 0.031
7860.642 19.692 0.009 19.989 0.010 19.608 0.013 20.227 0.025
7861.714 19.740 0.012 20.056 0.014 19.586 0.018 20.221 0.036
7862.639 19.766 0.009 20.023 0.010 19.641 0.013 20.278 0.024
7864.804 19.783 0.015 20.105 0.018 19.597 0.024 20.186 0.048
7865.641 19.702 0.010 19.965 0.011 19.606 0.015 20.197 0.028
7873.696 19.811 0.013 20.027 0.016 19.612 0.020 20.180 0.041
7884.653 19.803 0.024 19.949 0.028 19.564 0.036 20.106 0.075
7887.651 19.765 0.010 19.913 0.011 19.570 0.015 20.114 0.029
7891.653 19.792 0.011 19.919 0.013 19.574 0.017 20.067 0.033
7894.655 19.831 0.015 19.956 0.017 19.574 0.022 20.031 0.046
7897.656 19.774 0.009 19.857 0.010 19.625 0.013 20.083 0.026
7900.644 19.780 0.014 19.887 0.017 19.625 0.021 20.066 0.043
7915.649 19.806 0.018 19.965 0.021 19.704 0.026 20.090 0.053
7917.649 19.802 0.018 19.912 0.022 19.700 0.027 20.109 0.056
7921.650 19.824 0.024 19.959 0.028 19.699 0.036 20.003 0.075
8048.007 19.649 0.015 19.703 0.018 19.728 0.023 19.992 0.047
8054.019 19.611 0.014 19.746 0.017 19.765 0.021 20.002 0.043
8054.972 19.622 0.013 19.773 0.015 19.744 0.019 20.048 0.039
8056.008 19.599 0.011 19.739 0.013 19.720 0.016 20.059 0.032
8057.000 19.541 0.012 19.760 0.014 19.708 0.018 20.037 0.036
8057.949 19.601 0.014 19.790 0.016 19.725 0.021 20.062 0.043
8058.979 19.651 0.016 19.845 0.018 19.766 0.024 20.089 0.049
8070.990 19.542 0.011 19.825 0.013 19.703 0.016 20.141 0.032
8103.001 19.515 0.013 19.784 0.015 19.767 0.020 20.119 0.040
8137.003 19.481 0.013 19.770 0.015 19.800 0.020 20.215 0.041
8143.740 19.524 0.018 19.775 0.021 19.827 0.026 20.278 0.055
8146.036 19.504 0.014 19.756 0.016 19.851 0.021 20.329 0.043
8146.876 19.529 0.021 19.782 0.024 19.818 0.031 20.301 0.064
8148.881 19.489 0.028 19.783 0.033 19.799 0.041 20.279 0.085
8154.949 19.470 0.013 19.745 0.015 19.862 0.019 20.283 0.038
8158.931 19.469 0.011 19.707 0.013 19.882 0.016 20.276 0.032
8159.966 19.454 0.012 19.715 0.014 19.877 0.018 20.251 0.037
8171.948 19.471 0.016 19.645 0.019 19.941 0.023 20.276 0.049
8173.836 19.435 0.020 19.661 0.024 19.939 0.030 20.302 0.063
8175.969 19.479 0.017 19.674 0.019 19.985 0.024 20.329 0.050
8182.917 19.443 0.024 19.712 0.028 19.964 0.035 20.394 0.073
8213.864 19.440 0.014 19.906 0.016 20.024 0.020 20.312 0.042
8226.816 19.423 0.011 19.975 0.012 20.061 0.015 20.387 0.031
8234.718 19.417 0.022 20.057 0.025 20.091 0.031 20.333 0.065
8257.748 19.524 0.012 20.050 0.013 20.181 0.016 20.328 0.034
8263.712 19.542 0.018 20.005 0.021 20.232 0.027 20.274 0.056
8269.711 19.594 0.024 20.081 0.028 20.205 0.035 20.320 0.074
8273.696 19.627 0.012 20.069 0.014 20.207 0.018 20.342 0.037
8279.676 19.670 0.014 20.070 0.016 20.259 0.020 20.394 0.042
8281.655 19.683 0.017 20.081 0.020 20.246 0.025 20.391 0.053
8289.652 19.693 0.023 20.003 0.027 20.317 0.034 20.377 0.071
8290.652 19.659 0.029 19.968 0.034 20.220 0.042 20.425 0.089
