  2085.89230  18.051   0.014
  2085.89738  18.053   0.015
  2091.89517  18.062   0.010
  2091.90025  18.079   0.011
  2103.81800  18.061   0.010
  2103.82308  18.061   0.009
  2123.74716  18.082   0.016
  2123.75220  18.096   0.015
  2140.73322  18.151   0.015
  2140.73827  18.079   0.013
  2162.68405  18.055   0.014
  2162.68911  18.096   0.016
  2167.67552  18.047   0.013
  2167.68058  18.084   0.014
  2173.65979  18.106   0.013
  2173.66486  18.076   0.012
  2193.61120  18.061   0.012
  2193.61625  18.043   0.012
  2201.59564  18.036   0.013
  2201.60104  18.084   0.016
  2225.57721  18.022   0.012
  2225.58227  18.026   0.012
  2227.62041  18.075   0.013
  2227.62732  18.046   0.012
  2243.57198  18.062   0.017
  2243.57704  18.049   0.018
  2252.52672  18.050   0.014
  2252.53179  18.085   0.013
  2462.88426  17.975   0.014
  2462.88935  18.030   0.015
  2606.54850  18.055   0.016
  2606.55424  18.050   0.016
  2608.53499  18.132   0.019
  2611.52018  18.036   0.017
  2621.52516  18.048   0.024
  2621.53091  17.997   0.018
  2763.90826  18.286   0.016
  2763.91401  18.271   0.014
  2770.90016  18.294   0.019
  2770.90591  18.303   0.017
  2784.92505  18.346   0.013
  2784.93082  18.352   0.014
  2791.91326  18.364   0.019
  2791.91901  18.346   0.019
  2797.87292  18.374   0.012
  2797.87869  18.348   0.013
  2812.90268  18.361   0.016
  2812.90843  18.283   0.016
  2814.90498  18.345   0.017
  2814.91073  18.326   0.016
  2816.90496  18.337   0.015
  2816.91071  18.386   0.016
  2818.89325  18.318   0.013
  2818.89900  18.351   0.013
  2818.90540  18.340   0.014
  2818.91116  18.332   0.015
  2819.90057  18.326   0.013
  2819.90633  18.352   0.013
  2830.82122  18.311   0.014
  2830.82698  18.330   0.012
  2831.83546  18.301   0.017
  2831.84123  18.283   0.016
  2832.83214  18.303   0.016
  2832.83789  18.317   0.016
  2835.86037  18.297   0.019
  2835.86611  18.286   0.017
  2841.83674  18.319   0.013
  2841.84248  18.304   0.013
  2844.82254  18.318   0.014
  2844.82828  18.315   0.014
  2850.78178  18.295   0.014
  2850.78753  18.314   0.014
  2853.81480  18.332   0.010
  2853.82057  18.360   0.009
  2857.80184  18.308   0.016
  2857.80761  18.313   0.020
  2858.79632  18.322   0.013
  2858.80206  18.315   0.013
  2858.81061  18.334   0.013
  2858.81636  18.346   0.013
  2868.73276  18.304   0.016
  2868.73853  18.302   0.016
  2869.73202  18.307   0.016
  2869.73778  18.301   0.015
  2870.73433  18.275   0.015
  2870.74580  18.305   0.015
  2870.75157  18.293   0.014
  2871.74531  18.281   0.013
  2871.75758  18.286   0.013
  2871.76334  18.274   0.012
  2876.72032  18.291   0.015
  2876.72608  18.288   0.015
  2883.72628  18.260   0.013
  2883.73202  18.254   0.013
  2885.81655  18.242   0.013
  2885.82224  18.231   0.014
  2886.66617  18.268   0.018
  2886.67186  18.272   0.016
  2888.71877  18.241   0.014
  2888.72446  18.221   0.014
  2895.70702  18.226   0.015
  2895.71266  18.219   0.016
  2897.70040  18.273   0.020
  2897.70605  18.235   0.021
  2899.68918  18.178   0.011
  2899.69483  18.222   0.010
  2903.72259  18.194   0.009
  2903.72823  18.180   0.010
  2906.68022  18.203   0.013
  2906.68585  18.172   0.013
  2910.65413  18.190   0.015
  2910.65978  18.198   0.016
  2912.65920  18.188   0.013
  2912.66484  18.162   0.013
  2915.60958  18.200   0.015
  2915.61521  18.220   0.016
  2916.63263  18.194   0.015
  2916.63826  18.146   0.014
  2922.62928  18.197   0.025
  2922.63490  18.143   0.027
  2923.63088  18.210   0.018
  2923.63652  18.186   0.018
  2925.61887  18.198   0.016
  2925.62452  18.121   0.017
  2927.63072  18.168   0.014
  2927.63635  18.173   0.016
  2929.63460  18.207   0.017
  2929.64024  18.215   0.016
  2930.61461  18.162   0.012
  2930.62024  18.181   0.013
  2931.61389  18.172   0.013
  2931.61952  18.169   0.013
  2932.61097  18.203   0.014
  2932.61660  18.182   0.014
  2933.60895  18.177   0.011
  2933.61457  18.174   0.012
  2939.56383  18.258   0.016
  2939.56948  18.208   0.016
  2941.55194  18.232   0.015
  2941.55758  18.200   0.013
  2945.55593  18.218   0.017
  2945.56157  18.219   0.017
  2949.54125  18.190   0.017
  2949.54688  18.219   0.019
  2953.54428  18.200   0.016
  2953.54989  18.206   0.016
  2956.56666  18.173   0.011
  2956.57232  18.168   0.011
  2956.57851  18.142   0.012
  2956.58415  18.156   0.013
  2958.56423  18.170   0.013
  2958.56985  18.177   0.013
  2965.52870  18.150   0.015
  2965.53435  18.206   0.015
  2973.52854  18.230   0.017
  2973.53415  18.178   0.016
  2989.53195  18.108   0.017
  2989.53756  18.158   0.017
  2995.53382  18.190   0.017
  2995.53945  18.124   0.014
  3126.91246  18.116   0.012
  3126.91810  18.101   0.013
  3131.90524  18.104   0.017
  3131.91087  18.077   0.016
  3132.89778  18.113   0.018
  3132.90341  18.107   0.017
  3144.92321  18.202   0.016
  3144.92883  18.205   0.018
  3150.91318  18.188   0.012
  3150.91881  18.178   0.011
  3162.90771  18.170   0.014
  3162.91336  18.144   0.014
  3168.93381  18.168   0.012
  3168.93943  18.164   0.012
  3174.91780  18.197   0.010
  3174.92341  18.158   0.010
  3180.90522  18.188   0.011
  3180.91087  18.192   0.011
  3185.89351  18.149   0.011
  3185.89913  18.167   0.012
  3191.88921  18.158   0.017
  3191.89485  18.207   0.019
  3195.86905  18.147   0.013
  3195.87468  18.131   0.013
  3202.84490  18.246   0.014
  3202.85052  18.215   0.016
  3210.81578  18.182   0.011
  3210.82140  18.184   0.010
  3216.83579  18.172   0.017
  3216.84144  18.172   0.019
  3224.79860  18.180   0.013
  3229.75204  18.146   0.014
  3229.75766  18.136   0.014
  3239.75980  18.160   0.015
  3239.76543  18.116   0.014
  3250.74389  18.194   0.015
  3250.74951  18.137   0.015
  3257.70814  18.117   0.011
  3257.71378  18.134   0.012
  3260.73739  18.150   0.012
  3260.74303  18.106   0.013
  3267.67159  18.155   0.010
  3267.67723  18.198   0.011
  3279.64158  18.162   0.014
  3279.64720  18.197   0.015
  3288.59484  18.185   0.014
  3288.60047  18.144   0.012
  3294.58235  18.234   0.017
  3294.58797  18.189   0.015
  3299.58804  18.123   0.010
  3299.59365  18.155   0.009
  3305.59708  18.158   0.015
  3305.60273  18.162   0.016
  3309.57316  18.172   0.014
  3309.57878  18.223   0.018
  3315.54642  18.202   0.012
  3315.55206  18.178   0.012
  3324.57192  18.173   0.014
  3324.57754  18.219   0.015
  3332.53007  18.234   0.022
  3332.53571  18.168   0.019
  3339.56719  18.224   0.013
  3339.57283  18.175   0.013
  3354.53340  18.271   0.015
  3354.53903  18.259   0.014
  3359.53129  18.234   0.023
  3359.53692  18.144   0.020
  3490.91005  18.307   0.013
  3490.91568  18.284   0.013
  3491.90809  18.295   0.014
  3491.91373  18.280   0.013
  3497.91491  18.348   0.012
  3497.92054  18.351   0.012
  3502.91057  18.334   0.012
  3502.91620  18.304   0.012
  3509.91582  18.271   0.011
  3509.92145  18.292   0.011
  3521.90684  18.284   0.016
  3521.91249  18.283   0.016
  3525.93029  18.272   0.013
  3525.93591  18.308   0.014
  3529.93034  18.304   0.010
  3529.93595  18.331   0.011
  3538.91641  18.273   0.013
  3538.92206  18.280   0.013
  3541.91189  18.328   0.013
  3541.91752  18.294   0.013
  3543.86688  18.341   0.017
  3543.87251  18.332   0.018
  3551.89119  18.339   0.011
  3551.89683  18.305   0.011
  3554.88775  18.224   0.015
  3554.89340  18.232   0.015
  3558.87191  18.331   0.012
  3558.87753  18.304   0.014
  3560.86810  18.288   0.013
  3560.87373  18.292   0.013
  3569.82929  18.297   0.014
  3569.83494  18.338   0.015
  3572.83313  18.285   0.019
  3572.83877  18.309   0.022
  3577.80416  18.281   0.016
  3577.80978  18.283   0.018
  3585.78904  18.317   0.012
  3585.79465  18.326   0.012
  3590.79138  18.353   0.012
  3590.79704  18.359   0.012
  3593.78469  18.370   0.012
  3593.79032  18.400   0.013
  3608.73770  18.381   0.013
  3608.74332  18.339   0.013
  3615.74863  18.303   0.012
  3615.75426  18.322   0.014
  3620.71557  18.325   0.012
  3620.72121  18.285   0.012
  3625.63588  18.349   0.017
  3628.68908  18.272   0.018
  3628.69473  18.313   0.018
  3638.72365  18.303   0.014
  3638.72926  18.247   0.014
  3639.64150  18.329   0.011
  3639.64715  18.311   0.010
  3644.63945  18.324   0.012
  3644.64508  18.332   0.012
  3651.61753  18.304   0.014
  3651.62317  18.280   0.013
  3653.59216  18.329   0.012
  3653.59780  18.319   0.012
  3656.60578  18.289   0.021
  3656.61138  18.255   0.020
  3660.58932  18.366   0.025
  3660.59496  18.372   0.028
  3664.57353  18.332   0.011
  3664.57916  18.320   0.012
  3666.56567  18.290   0.011
  3666.57129  18.297   0.012
  3672.56491  18.223   0.013
  3672.57054  18.262   0.014
  3674.57271  18.266   0.012
  3674.57835  18.297   0.012
  3676.54058  18.286   0.013
  3676.54621  18.284   0.013
  3682.55721  18.231   0.014
  3682.57232  18.349   0.015
  3683.53361  18.281   0.017
  3683.55587  18.200   0.014
  3687.52657  18.269   0.020
  3687.53220  18.301   0.020
  3690.52799  18.266   0.020
  3690.53361  18.230   0.022
  3693.52137  18.241   0.014
  3693.52700  18.218   0.014
  3695.51943  18.233   0.014
  3695.52508  18.246   0.013
  3704.53162  18.250   0.017
  3704.53725  18.202   0.015
  3706.53807  18.189   0.013
  3706.54370  18.143   0.015
  3715.53041  18.211   0.023
  3715.53604  18.125   0.019
  3718.53397  18.152   0.020
  3718.53958  18.157   0.022
  3861.91506  18.096   0.010
  3861.92070  18.068   0.010
  3864.91308  18.061   0.010
  3864.91871  18.032   0.009
  3869.91517  18.053   0.014
  3869.92079  18.052   0.014
  3874.92373  18.056   0.011
  3874.92937  18.080   0.011
  3881.93270  18.030   0.009
  3881.93832  18.050   0.011
  3891.93102  17.997   0.011
  3891.93663  18.061   0.012
  3900.89265  18.065   0.011
  3900.89828  18.034   0.010
  3905.90921  18.018   0.010
  3905.91483  17.986   0.011
  3908.90320  18.028   0.009
  3908.90885  18.018   0.009
  3909.90296  18.029   0.009
  3909.90857  18.021   0.009
  3912.90797  18.032   0.009
  3912.91361  18.021   0.009
  3915.87914  18.014   0.009
  3915.88478  18.007   0.009
  3917.87615  18.010   0.011
  3917.88177  18.022   0.011
  3920.87813  17.998   0.009
  3920.88374  17.992   0.009
  3932.85871  18.008   0.014
  3934.84407  18.004   0.009
  3934.84968  18.018   0.009
  3936.83462  17.991   0.011
  3936.84027  18.030   0.011
  3937.80028  18.032   0.013
  3937.80591  18.025   0.012
  3938.82334  17.956   0.012
  3938.82897  18.004   0.014
  3944.79813  18.027   0.008
  3944.80377  18.018   0.009
  3945.80819  18.047   0.010
  3945.81384  18.019   0.010
  3950.80775  18.048   0.011
  3950.81334  17.989   0.010
  3959.75038  18.077   0.018
  3959.75597  18.066   0.018
  3960.76618  18.050   0.010
  3960.77178  18.078   0.010
  3963.76831  18.091   0.013
  3964.75377  18.080   0.009
  3964.75936  18.043   0.009
  3965.75231  18.064   0.009
  3965.75793  18.077   0.009
  3966.74900  18.037   0.010
  3966.75459  18.049   0.010
  3967.74607  18.047   0.010
  3967.75166  18.011   0.011
  3968.74330  18.043   0.011
  3968.74889  18.041   0.010
  3969.73575  18.027   0.011
  3969.74135  18.004   0.011
  3970.73547  18.079   0.009
  3970.74104  18.061   0.009
  3974.71867  18.029   0.011
  3974.72425  18.052   0.012
  3975.71798  18.065   0.011
  3975.72360  18.061   0.011
  3980.65334  18.095   0.011
  3980.65893  18.071   0.011
  3982.71688  18.057   0.014
  3982.72248  18.072   0.016
  3990.69331  17.976   0.009
  3990.69890  18.077   0.010
  3999.67742  18.075   0.010
  3999.68302  18.052   0.010
  4002.65701  18.083   0.009
  4002.66260  18.090   0.010
  4006.63149  18.060   0.009
  4006.63706  18.102   0.009
  4008.63654  18.122   0.011
  4008.64214  18.068   0.010
  4011.62726  18.066   0.013
  4011.63284  18.092   0.014
  4017.61561  18.088   0.010
  4017.62119  18.076   0.010
  4019.61414  18.089   0.011
  4019.61973  18.075   0.011
  4021.60666  18.064   0.011
  4021.61224  18.009   0.010
  4023.59554  18.084   0.010
  4023.60114  18.033   0.010
  4025.59212  18.055   0.010
  4025.59771  18.023   0.010
  4027.57938  18.056   0.010
  4027.58496  18.049   0.010
  4030.56991  18.047   0.011
  4030.57549  18.104   0.012
  4036.55146  18.049   0.015
  4036.55702  18.048   0.014
  4039.54248  18.076   0.018
  4042.55038  18.122   0.016
  4042.55597  18.056   0.018
  4046.51734  17.992   0.011
  4046.52291  18.003   0.012
  4049.51672  18.001   0.010
  4049.52233  18.086   0.010
  4051.51371  18.065   0.014
  4051.51932  18.063   0.012
  4053.51734  18.076   0.011
  4053.52291  18.032   0.011
  4058.54475  18.028   0.010
  4058.55035  17.991   0.010
  4063.51778  18.068   0.016
  4063.52336  18.050   0.013
  4065.53834  17.977   0.011
  4065.54395  18.053   0.012
  4070.55325  17.958   0.013
  4070.55883  17.973   0.014
  4076.52820  17.989   0.012
  4076.54587  17.959   0.012
  4080.53458  18.011   0.012
  4085.53824  18.058   0.017
  4215.91880  18.010   0.016  7.42  668.0
  4215.92439  17.967   0.023  8.03 2224.0
  4227.92817  17.962   0.020  7.69 1380.0
  4227.93375  17.886   0.023  7.33 3917.0
  4243.89845  17.899   0.014  7.48  140.0
  4243.90403  17.916   0.014  7.45  135.0
  4250.88774  17.903   0.020  8.65  695.0
  4250.89332  17.928   0.018  8.01  644.0
  4253.85749  18.046   0.023  7.14 1115.0
  4253.86306  17.926   0.022  8.81 1085.0
  4255.89035  17.889   0.015  7.17  800.0
  4255.89594  17.894   0.016  7.34  787.0
  4279.92851  17.886   0.013  7.31   37.0
  4279.94285  17.850   0.014  7.85   81.0
  4293.91665  17.769   0.006  6.84   26.0
  4293.92500  17.866   0.006  5.94   28.0
  4308.82001  17.793   0.011  6.63  180.0
  4308.83142  17.773   0.011  7.05  175.0
  4328.76674  17.891   0.014  7.43   78.0
  4328.77232  17.974   0.017  8.56   80.0
  4330.81181  17.915   0.012  6.83   83.0
  4330.81740  17.910   0.013  7.05   82.0
  4342.81223  17.937   0.025  6.80 4409.0
  4342.81782  17.800   0.025  7.56 4463.0
  4346.74726  17.918   0.017  8.45  227.0
  4346.75284  17.940   0.016  7.89  234.0
  4348.71339  17.933   0.013  6.95   87.0
  4348.71898  17.932   0.013  6.80   85.0
  4354.68988  17.979   0.014  7.13   86.0
  4354.69545  17.967   0.014  7.26   88.0
  4359.66920  17.953   0.016  8.19   90.0
  4359.67477  17.995   0.018  8.71   90.0
  4363.65168  17.993   0.015  7.44  228.0
  4363.65729  17.951   0.013  7.07  225.0
  4370.66356  18.019   0.021  6.13 3398.0
  4370.66914  18.045   0.021  6.08 3455.0
  4373.63551  18.022   0.013  5.86  379.0
  4373.64111  18.046   0.013  5.66  400.0
  4377.64337  17.967   0.013  6.87   87.0
  4377.64895  17.999   0.014  7.34   87.0
  4380.64361  18.028   0.012  5.95   90.0
  4380.64918  18.019   0.012  5.76   95.0
  4383.63220  18.037   0.013  6.54   95.0
  4383.63777  18.022   0.012  5.57   96.0
  4386.63321  18.053   0.015  7.31   86.0
  4386.63880  17.977   0.016  7.91   86.0
  4390.56769  18.050   0.014  7.08  119.0
  4390.57329  18.034   0.014  7.17  119.0
  4391.52069  18.034   0.014  7.05  226.0
  4391.52629  18.044   0.014  7.01  232.0
  4392.58286  18.013   0.013  5.80  228.0
  4392.58843  18.070   0.014  6.31  231.0
  4393.60639  18.064   0.015  6.09  398.0
  4393.61198  18.060   0.014  5.57  377.0
  4398.59244  18.081   0.020  6.19 1912.0
  4398.59802  18.115   0.021  6.38 1948.0
  4402.60757  18.060   0.014  5.92  186.0
  4402.61314  18.033   0.014  6.46  248.0
  4407.57142  18.068   0.013  6.80   88.0
  4407.57701  18.018   0.014  7.24   88.0
  4411.56509  18.114   0.017  7.74   87.0
  4411.57067  18.064   0.015  7.09   89.0
  4415.58629  18.060   0.012  6.02   93.0
  4415.59188  18.054   0.012  5.90   92.0
  4422.55457  18.039   0.018  6.73  893.0
  4422.56015  18.119   0.019  7.41  818.0
  4425.54856  18.118   0.018  6.40 1077.0
  4425.55414  18.080   0.019  7.16 1106.0
  4430.52649  18.128   0.014  6.46  143.0
  4430.53206  18.067   0.013  6.34  113.0
  4434.52956  18.078   0.014  6.51  142.0
  4434.53516  18.117   0.014  6.06  113.0
  4438.53328  18.105   0.015  7.16  135.0
  4438.53884  18.107   0.016  7.39  115.0
  4602.90926  18.255   0.012  6.88  125.0
  4602.91484  18.205   0.012  7.22  128.0
  4616.91606  18.293   0.015  6.51  190.0
  4616.92165  18.305   0.017  7.13  192.0
  4624.93994  18.319   0.016  6.61  348.0
  4624.94554  18.312   0.022  6.98 1268.0
  4633.94558  18.356   0.019  6.19  928.0
  4633.95117  18.205   0.026  6.42 4026.0
  4645.92175  18.292   0.016  6.99  169.0
  4645.92735  18.247   0.016  6.97  173.0
  4655.87308  18.294   0.015  6.87   88.0
  4655.87865  18.296   0.016  7.12   88.0
  4662.82141  18.444   0.020  6.89  455.0
  4662.82700  18.335   0.018  6.59  447.0
  4672.80803  18.357   0.017  6.57  253.0
  4672.81360  18.273   0.016  6.65  253.0
  4675.81554  18.368   0.015  6.37   82.0
  4675.82113  18.376   0.014  6.05   85.0
  4681.80797  18.318   0.014  6.07   64.0
  4681.81356  18.341   0.014  6.41   64.0
  4684.79065  18.368   0.014  5.59   70.0
  4684.79623  18.356   0.015  6.05   70.0
  4687.80101  18.328   0.012  6.83   86.0
  4688.77543  18.376   0.015  6.13   90.0
  4688.78102  18.376   0.015  6.44   73.0
  4700.70315  18.446   0.020  7.45  294.0
  4700.70872  18.357   0.018  6.86  298.0
  4707.69650  18.159   0.012  6.13   67.0
  4707.70209  18.373   0.013  5.47   66.0
  4717.66479  18.330   0.015  6.51  198.0
  4717.67038  18.336   0.014  6.09  196.0
  4728.67120  18.328   0.021  7.45  424.0
  4728.67678  18.460   0.023  7.35  433.0
  4736.62485  18.314   0.017  7.24   66.0
  4736.63045  18.277   0.019  8.17   65.0
  4747.70477  18.379   0.019  6.93  330.0
  4747.71033  18.341   0.018  7.27  323.0
  4756.67231  18.382   0.022  7.22  865.0
  4756.67789  18.350   0.021  7.06  896.0
  4759.60329  18.313   0.015  5.95   80.0
  4759.60889  18.358   0.017  6.71   79.0
  4767.56751  18.288   0.016  7.13   83.0
  4767.57309  18.295   0.016  7.46   83.0
  4772.54497  18.383   0.014  5.73   95.0
  4772.55054  18.494   0.016  6.40   96.0
  4773.53902  18.357   0.015  6.80  109.0
  4773.54460  18.238   0.015  7.35  109.0
  4788.53987  18.361   0.021  8.19   92.0
  4788.54545  18.353   0.018  7.07   92.0
  4796.52872  18.322   0.015  6.42  128.0
  4796.53432  18.256   0.014  6.68  109.0
  4800.55749  18.243   0.017  7.82   97.0
  4800.56307  18.339   0.019  7.75   97.0
  4802.52193  18.354   0.023  7.72  487.0
  4802.52751  18.337   0.019  7.32  210.0
  4809.52704  18.265   0.027  8.16 1133.0
  4809.53262  18.344   0.027  7.94  937.0
  4945.91781  18.340   0.015  1.91  553.0
  4954.89970  18.428   0.016  9.99    0.0
  4954.90519  18.497   0.018  1.63  165.0
