  2085.89230  17.028   0.007
  2085.89738  17.013   0.008
  2091.89517  17.024   0.005
  2091.90025  17.029   0.006
  2103.81800  17.052   0.005
  2103.82308  17.057   0.005
  2123.74716  17.058   0.008
  2123.75220  17.046   0.008
  2140.73322  17.035   0.007
  2140.73827  17.055   0.007
  2162.68405  17.025   0.007
  2162.68911  17.029   0.008
  2167.67552  17.025   0.007
  2167.68058  16.994   0.007
  2173.65979  17.040   0.007
  2173.66486  17.030   0.006
  2193.61120  17.023   0.007
  2193.61625  17.021   0.007
  2201.59564  16.999   0.007
  2201.60104  16.985   0.008
  2225.57721  16.997   0.006
  2225.58227  16.995   0.006
  2227.62041  16.994   0.007
  2227.62732  16.986   0.007
  2243.57198  17.006   0.008
  2243.57704  17.024   0.009
  2252.52672  17.016   0.007
  2252.53179  17.009   0.007
  2462.88426  16.767   0.006
  2462.88935  16.789   0.007
  2606.54850  16.712   0.006
  2606.55424  16.701   0.006
  2608.53499  16.702   0.007
  2611.52018  16.713   0.007
  2621.52516  16.711   0.009
  2621.53091  16.715   0.008
  2763.90826  17.146   0.008
  2763.91401  17.150   0.007
  2770.90016  17.154   0.009
  2770.90591  17.173   0.008
  2784.92505  17.197   0.007
  2784.93082  17.221   0.007
  2791.91326  17.195   0.009
  2791.91901  17.224   0.009
  2797.87292  17.223   0.006
  2797.87869  17.237   0.006
  2812.90268  17.225   0.008
  2812.90843  17.247   0.008
  2814.90498  17.253   0.008
  2814.91073  17.249   0.008
  2816.90496  17.231   0.008
  2816.91071  17.248   0.008
  2818.89325  17.221   0.007
  2818.89900  17.231   0.007
  2818.90540  17.251   0.007
  2818.91116  17.250   0.007
  2819.90057  17.236   0.007
  2819.90633  17.226   0.007
  2830.82122  17.225   0.007
  2830.82698  17.217   0.005
  2831.83546  17.212   0.008
  2831.84123  17.226   0.008
  2832.83214  17.218   0.008
  2832.83789  17.214   0.008
  2835.86037  17.239   0.009
  2835.86611  17.240   0.008
  2841.83674  17.227   0.006
  2841.84248  17.248   0.006
  2844.82254  17.221   0.007
  2844.82828  17.229   0.007
  2850.78178  17.235   0.007
  2850.78753  17.240   0.007
  2853.81480  17.214   0.005
  2853.82057  17.228   0.004
  2857.80184  17.238   0.008
  2857.80761  17.241   0.010
  2858.79632  17.227   0.007
  2858.80206  17.242   0.007
  2858.81061  17.232   0.007
  2858.81636  17.231   0.007
  2868.73276  17.211   0.008
  2868.73853  17.204   0.008
  2869.73202  17.209   0.008
  2869.73778  17.222   0.008
  2870.73433  17.173   0.007
  2870.74580  17.192   0.007
  2870.75157  17.212   0.007
  2871.74531  17.180   0.006
  2871.75758  17.202   0.007
  2871.76334  17.189   0.006
  2876.72032  17.165   0.008
  2876.72608  17.168   0.007
  2883.72628  17.144   0.007
  2883.73202  17.136   0.006
  2885.81655  17.102   0.006
  2885.82224  17.120   0.007
  2886.66617  17.109   0.008
  2886.67186  17.112   0.007
  2888.71877  17.100   0.007
  2888.72446  17.115   0.007
  2895.70702  17.081   0.007
  2895.71266  17.088   0.007
  2897.70040  17.065   0.009
  2897.70605  17.073   0.010
  2899.68918  17.069   0.006
  2899.69483  17.103   0.005
  2903.72259  17.044   0.004
  2903.72823  17.039   0.005
  2906.68022  17.044   0.006
  2906.68585  17.055   0.006
  2910.65413  17.044   0.008
  2910.65978  17.044   0.008
  2912.65920  17.031   0.007
  2912.66484  17.044   0.006
  2915.60958  17.053   0.007
  2915.61521  17.049   0.008
  2916.63263  17.030   0.007
  2916.63826  17.060   0.007
  2922.62928  17.042   0.011
  2922.63490  17.029   0.012
  2923.63088  17.050   0.008
  2923.63652  17.067   0.008
  2925.61887  17.057   0.007
  2925.62452  17.029   0.008
  2927.63072  17.038   0.007
  2927.63635  17.056   0.008
  2929.63460  17.045   0.008
  2929.64024  17.048   0.008
  2930.61461  17.048   0.006
  2930.62024  17.052   0.007
  2931.61389  17.033   0.006
  2931.61952  17.033   0.006
  2932.61097  17.034   0.007
  2932.61660  17.037   0.007
  2933.60895  17.036   0.006
  2933.61457  17.026   0.006
  2939.56383  16.992   0.007
  2939.56948  17.048   0.008
  2941.55194  17.031   0.007
  2941.55758  17.042   0.006
  2945.55593  17.015   0.008
  2945.56157  17.025   0.008
  2949.54125  17.020   0.008
  2949.54688  17.011   0.008
  2953.54428  17.004   0.007
  2953.54989  17.001   0.007
  2956.56666  16.998   0.006
  2956.57232  16.994   0.006
  2956.57851  16.991   0.006
  2956.58415  17.005   0.006
  2958.56423  16.980   0.006
  2958.56985  16.999   0.006
  2965.52870  16.990   0.007
  2965.53435  17.008   0.007
  2973.52854  16.985   0.008
  2973.53415  16.979   0.007
  2989.53195  16.967   0.008
  2989.53756  16.992   0.008
  2995.53382  16.999   0.008
  2995.53945  17.021   0.007
  3126.91246  17.283   0.007
  3126.91810  17.293   0.008
  3131.90524  17.264   0.010
  3131.91087  17.243   0.009
  3132.89778  17.243   0.010
  3132.90341  17.264   0.010
  3144.92321  17.278   0.009
  3144.92883  17.285   0.010
  3150.91318  17.288   0.007
  3150.91881  17.288   0.007
  3162.90771  17.267   0.008
  3162.91336  17.296   0.008
  3168.93381  17.280   0.007
  3168.93943  17.281   0.007
  3174.91780  17.293   0.006
  3174.92341  17.276   0.006
  3180.90522  17.285   0.007
  3180.91087  17.291   0.007
  3185.89351  17.289   0.007
  3185.89913  17.282   0.007
  3191.88921  17.274   0.009
  3191.89485  17.289   0.010
  3195.86905  17.310   0.008
  3195.87468  17.312   0.008
  3202.84490  17.241   0.008
  3202.85052  17.261   0.009
  3210.81578  17.271   0.006
  3210.82140  17.277   0.006
  3216.83579  17.275   0.009
  3216.84144  17.257   0.011
  3224.79860  17.236   0.007
  3229.75204  17.234   0.008
  3229.75766  17.237   0.008
  3239.75980  17.208   0.008
  3239.76543  17.162   0.007
  3250.74389  17.194   0.008
  3250.74951  17.186   0.008
  3257.70814  17.187   0.006
  3257.71378  17.173   0.006
  3260.73739  17.202   0.007
  3260.74303  17.193   0.007
  3267.67159  17.188   0.005
  3267.67723  17.172   0.006
  3279.64158  17.199   0.007
  3279.64720  17.201   0.008
  3288.59484  17.183   0.008
  3288.60047  17.204   0.007
  3294.58235  17.168   0.008
  3294.58797  17.179   0.008
  3299.58804  17.189   0.005
  3299.59365  17.180   0.005
  3305.59708  17.176   0.008
  3305.60273  17.184   0.008
  3309.57316  17.192   0.008
  3309.57878  17.213   0.010
  3315.54642  17.171   0.006
  3315.55206  17.184   0.007
  3324.57192  17.204   0.007
  3324.57754  17.216   0.007
  3332.53007  17.229   0.011
  3332.53571  17.217   0.009
  3339.56719  17.218   0.007
  3339.57283  17.229   0.007
  3354.53340  17.239   0.008
  3354.53903  17.237   0.007
  3359.53129  17.232   0.012
  3359.53692  17.236   0.011
  3490.91005  17.208   0.006
  3490.91568  17.211   0.006
  3491.90809  17.216   0.007
  3491.91373  17.189   0.006
  3497.91491  17.234   0.006
  3497.92054  17.226   0.006
  3502.91057  17.228   0.006
  3502.91620  17.222   0.006
  3509.91582  17.223   0.006
  3509.92145  17.201   0.006
  3521.90684  17.238   0.008
  3521.91249  17.246   0.008
  3525.93029  17.224   0.006
  3525.93591  17.242   0.007
  3529.93034  17.249   0.006
  3529.93595  17.261   0.006
  3538.91641  17.266   0.007
  3538.92206  17.256   0.007
  3541.91189  17.272   0.006
  3541.91752  17.279   0.007
  3543.86688  17.245   0.008
  3543.87251  17.254   0.008
  3551.89119  17.264   0.006
  3551.89683  17.294   0.006
  3554.88775  17.308   0.008
  3554.89340  17.302   0.008
  3558.87191  17.281   0.006
  3558.87753  17.295   0.007
  3560.86810  17.283   0.007
  3560.87373  17.309   0.007
  3569.82929  17.315   0.007
  3569.83494  17.292   0.007
  3572.83313  17.318   0.010
  3572.83877  17.323   0.011
  3577.80416  17.312   0.009
  3577.80978  17.353   0.010
  3585.78904  17.324   0.007
  3585.79465  17.321   0.007
  3590.79138  17.331   0.006
  3590.79704  17.334   0.006
  3593.78469  17.321   0.006
  3593.79032  17.321   0.007
  3608.73770  17.296   0.006
  3608.74332  17.327   0.007
  3615.74863  17.325   0.007
  3615.75426  17.311   0.007
  3620.71557  17.300   0.006
  3620.72121  17.297   0.006
  3625.63026  17.313   0.008
  3625.63588  17.300   0.009
  3628.68908  17.272   0.009
  3628.69473  17.312   0.009
  3638.72365  17.243   0.007
  3638.72926  17.246   0.008
  3639.64150  17.264   0.006
  3639.64715  17.253   0.005
  3644.63945  17.254   0.006
  3644.64508  17.228   0.006
  3651.61753  17.243   0.007
  3651.62317  17.253   0.007
  3653.59216  17.237   0.006
  3653.59780  17.253   0.006
  3656.60578  17.293   0.010
  3656.61138  17.255   0.010
  3660.58932  17.200   0.010
  3660.59496  17.216   0.011
  3664.57353  17.206   0.006
  3664.57916  17.209   0.006
  3666.56567  17.213   0.006
  3666.57129  17.202   0.006
  3672.56491  17.225   0.007
  3672.57054  17.213   0.007
  3674.57271  17.200   0.006
  3674.57835  17.200   0.006
  3676.54058  17.210   0.007
  3676.54621  17.195   0.007
  3682.55721  17.216   0.007
  3682.57232  17.173   0.007
  3683.53361  17.161   0.008
  3683.55587  17.185   0.007
  3687.52657  17.198   0.009
  3687.53220  17.179   0.009
  3690.52799  17.148   0.009
  3690.53361  17.168   0.011
  3693.52137  17.155   0.007
  3693.52700  17.152   0.007
  3695.51943  17.145   0.007
  3695.52508  17.162   0.006
  3704.53162  17.153   0.008
  3704.53725  17.123   0.008
  3706.53807  17.162   0.007
  3706.54370  17.162   0.008
  3715.53041  17.133   0.011
  3715.53604  17.150   0.010
  3718.53397  17.182   0.011
  3718.53958  17.146   0.011
  3861.91506  16.878   0.005
  3861.92070  16.895   0.005
  3864.91308  16.859   0.005
  3864.91871  16.863   0.005
  3869.91517  16.849   0.006
  3869.92079  16.882   0.006
  3874.92373  16.852   0.005
  3874.92937  16.851   0.005
  3881.93270  16.826   0.004
  3881.93832  16.827   0.005
  3891.93102  16.803   0.005
  3891.93663  16.780   0.005
  3900.89265  16.740   0.005
  3900.89828  16.744   0.004
  3905.90921  16.709   0.005
  3905.91483  16.719   0.005
  3908.90320  16.715   0.004
  3908.90885  16.711   0.004
  3909.90296  16.700   0.004
  3909.90857  16.690   0.004
  3912.90797  16.700   0.004
  3912.91361  16.695   0.004
  3915.87914  16.699   0.004
  3915.88478  16.695   0.004
  3917.87615  16.692   0.005
  3917.88177  16.699   0.005
  3920.87813  16.706   0.004
  3920.88374  16.699   0.004
  3932.85307  16.692   0.006
  3932.85871  16.711   0.006
  3934.84407  16.702   0.004
  3934.84968  16.696   0.004
  3936.83462  16.734   0.005
  3936.84027  16.743   0.005
  3937.80028  16.725   0.005
  3937.80591  16.731   0.005
  3938.82334  16.714   0.005
  3938.82897  16.733   0.006
  3944.79813  16.715   0.003
  3944.80377  16.738   0.004
  3945.80819  16.722   0.004
  3945.81384  16.718   0.004
  3950.80775  16.745   0.005
  3950.81334  16.718   0.004
  3959.75038  16.711   0.007
  3959.75597  16.713   0.007
  3960.76618  16.731   0.004
  3960.77178  16.729   0.004
  3963.76272  16.715   0.005
  3963.76831  16.745   0.005
  3964.75377  16.740   0.004
  3964.75936  16.734   0.004
  3965.75231  16.750   0.004
  3965.75793  16.734   0.004
  3966.74900  16.744   0.005
  3966.75459  16.746   0.005
  3967.74607  16.716   0.004
  3967.75166  16.748   0.005
  3968.74330  16.738   0.005
  3968.74889  16.725   0.005
  3969.73575  16.711   0.005
  3969.74135  16.738   0.005
  3970.73547  16.733   0.004
  3970.74104  16.734   0.004
  3974.71867  16.744   0.005
  3974.72425  16.728   0.005
  3975.71798  16.737   0.005
  3975.72360  16.725   0.005
  3980.65334  16.741   0.005
  3980.65893  16.733   0.005
  3982.71688  16.762   0.006
  3982.72248  16.751   0.007
  3990.69331  16.753   0.004
  3990.69890  16.751   0.004
  3999.67742  16.744   0.004
  3999.68302  16.763   0.004
  4002.65701  16.767   0.004
  4002.66260  16.765   0.004
  4006.63149  16.777   0.004
  4006.63706  16.776   0.004
  4008.63654  16.739   0.004
  4008.64214  16.770   0.004
  4011.62726  16.759   0.005
  4011.63284  16.781   0.006
  4017.61561  16.779   0.004
  4017.62119  16.764   0.004
  4019.61414  16.771   0.005
  4019.61973  16.768   0.005
  4021.60666  16.764   0.005
  4021.61224  16.758   0.005
  4023.59554  16.765   0.004
  4023.60114  16.761   0.004
  4025.59212  16.747   0.004
  4025.59771  16.751   0.004
  4027.57938  16.743   0.005
  4027.58496  16.737   0.004
  4030.56991  16.751   0.005
  4030.57549  16.745   0.005
  4036.55146  16.740   0.006
  4036.55702  16.728   0.006
  4039.54248  16.733   0.007
  4039.54806  16.724   0.006
  4042.55038  16.728   0.006
  4042.55597  16.750   0.007
  4046.51734  16.715   0.005
  4046.52291  16.704   0.005
  4049.51672  16.711   0.004
  4049.52233  16.696   0.004
  4051.51371  16.706   0.006
  4051.51932  16.669   0.005
  4053.51734  16.704   0.005
  4053.52291  16.693   0.005
  4058.54475  16.672   0.004
  4058.55035  16.687   0.004
  4063.51778  16.708   0.006
  4063.52336  16.689   0.005
  4065.53834  16.679   0.005
  4065.54395  16.684   0.005
  4070.55325  16.669   0.005
  4070.55883  16.667   0.005
  4076.52820  16.670   0.005
  4076.54587  16.641   0.005
  4080.53458  16.657   0.005
  4085.53824  16.681   0.007
  4215.91880  16.627   0.006  7.42  668.0
  4215.92439  16.644   0.009  8.03 2224.0
  4227.92817  16.607   0.007  7.69 1380.0
  4227.93375  16.617   0.009  7.33 3917.0
  4243.89845  16.591   0.006  7.48  140.0
  4243.90403  16.628   0.006  7.45  135.0
  4250.88774  16.608   0.008  8.65  695.0
  4250.89332  16.587   0.007  8.01  644.0
  4253.85749  16.557   0.008  7.14 1115.0
  4253.86306  16.638   0.009  8.81 1085.0
  4255.89035  16.591   0.006  7.17  800.0
  4255.89594  16.588   0.006  7.34  787.0
  4279.92851  16.675   0.006  7.31   37.0
  4279.94285  16.621   0.006  7.85   81.0
  4293.91665  16.591   0.003  6.84   26.0
  4293.92500  16.643   0.003  5.94   28.0
  4308.82001  16.579   0.005  6.63  180.0
  4308.83142  16.613   0.005  7.05  175.0
  4328.76674  16.599   0.006  7.43   78.0
  4328.77232  16.624   0.007  8.56   80.0
  4330.81181  16.611   0.005  6.83   83.0
  4330.81740  16.600   0.006  7.05   82.0
  4342.81223  16.595   0.009  6.80 4409.0
  4342.81782  16.599   0.010  7.56 4463.0
  4346.74726  16.623   0.007  8.45  227.0
  4346.75284  16.613   0.007  7.89  234.0
  4348.71339  16.615   0.006  6.95   87.0
  4348.71898  16.606   0.005  6.80   85.0
  4354.68988  16.579   0.005  7.13   86.0
  4354.69545  16.577   0.006  7.26   88.0
  4359.66920  16.601   0.007  8.19   90.0
  4359.67477  16.581   0.007  8.71   90.0
  4363.65168  16.602   0.006  7.44  228.0
  4363.65729  16.595   0.006  7.07  225.0
  4370.66356  16.590   0.007  6.13 3398.0
  4370.66914  16.608   0.007  6.08 3455.0
  4373.63551  16.597   0.005  5.86  379.0
  4373.64111  16.588   0.005  5.66  400.0
  4377.64337  16.598   0.005  6.87   87.0
  4377.64895  16.606   0.006  7.34   87.0
  4380.64361  16.600   0.005  5.95   90.0
  4380.64918  16.612   0.005  5.76   95.0
  4383.63220  16.600   0.005  6.54   95.0
  4383.63777  16.597   0.005  5.57   96.0
  4386.63321  16.575   0.006  7.31   86.0
  4386.63880  16.610   0.006  7.91   86.0
  4390.56769  16.589   0.006  7.08  119.0
  4390.57329  16.603   0.006  7.17  119.0
  4391.52069  16.603   0.005  7.05  226.0
  4391.52629  16.608   0.005  7.01  232.0
  4392.58286  16.597   0.005  5.80  228.0
  4392.58843  16.603   0.005  6.31  231.0
  4393.60639  16.596   0.005  6.09  398.0
  4393.61198  16.610   0.005  5.57  377.0
  4398.59244  16.605   0.007  6.19 1912.0
  4398.59802  16.623   0.007  6.38 1948.0
  4402.60757  16.581   0.005  5.92  186.0
  4402.61314  16.578   0.005  6.46  248.0
  4407.57142  16.562   0.005  6.80   88.0
  4407.57701  16.572   0.005  7.24   88.0
  4411.56509  16.596   0.006  7.74   87.0
  4411.57067  16.599   0.006  7.09   89.0
  4415.58629  16.552   0.005  6.02   93.0
  4415.59188  16.565   0.005  5.90   92.0
  4422.55457  16.559   0.007  6.73  893.0
  4422.56015  16.593   0.007  7.41  818.0
  4425.54856  16.567   0.006  6.40 1077.0
  4425.55414  16.581   0.006  7.16 1106.0
  4430.52649  16.581   0.005  6.46  143.0
  4430.53206  16.575   0.005  6.34  113.0
  4434.52956  16.602   0.005  6.51  142.0
  4434.53516  16.586   0.005  6.06  113.0
  4438.53328  16.599   0.005  7.16  135.0
  4438.53884  16.603   0.006  7.39  115.0
  4602.90926  16.592   0.004  6.88  125.0
  4602.91484  16.609   0.004  7.22  128.0
  4616.91606  16.599   0.005  6.51  190.0
  4616.92165  16.607   0.005  7.13  192.0
  4624.93994  16.588   0.005  6.61  348.0
  4624.94554  16.599   0.006  6.98 1268.0
  4633.94558  16.610   0.005  6.19  928.0
  4633.95117  16.624   0.007  6.42 4026.0
  4645.92175  16.655   0.005  6.99  169.0
  4645.92735  16.624   0.005  6.97  173.0
  4655.87308  16.652   0.005  6.87   88.0
  4655.87865  16.666   0.005  7.12   88.0
  4662.82141  16.653   0.006  6.89  455.0
  4662.82700  16.665   0.006  6.59  447.0
  4672.80803  16.723   0.006  6.57  253.0
  4672.81360  16.726   0.005  6.65  253.0
  4675.81554  16.697   0.005  6.37   82.0
  4675.82113  16.687   0.005  6.05   85.0
  4681.80797  16.715   0.005  6.07   64.0
  4681.81356  16.713   0.005  6.41   64.0
  4684.79065  16.700   0.005  5.59   70.0
  4684.79623  16.706   0.005  6.05   70.0
  4687.80101  16.725   0.004  6.83   86.0
  4688.77543  16.711   0.005  6.13   90.0
  4688.78102  16.706   0.005  6.44   73.0
  4700.70315  16.671   0.006  7.45  294.0
  4700.70872  16.692   0.006  6.86  298.0
  4707.69650  16.672   0.005  6.13   67.0
  4707.70209  16.671   0.005  5.47   66.0
  4717.66479  16.656   0.005  6.51  198.0
  4717.67038  16.662   0.005  6.09  196.0
  4728.67120  16.648   0.006  7.45  424.0
  4728.67678  16.652   0.006  7.35  433.0
  4736.62485  16.637   0.005  7.24   66.0
  4736.63045  16.629   0.006  8.17   65.0
  4747.70477  16.641   0.006  6.93  330.0
  4747.71033  16.681   0.006  7.27  323.0
  4756.67231  16.642   0.006  7.22  865.0
  4756.67789  16.642   0.006  7.06  896.0
  4759.60329  16.645   0.005  5.95   80.0
  4759.60889  16.646   0.005  6.71   79.0
  4767.56751  16.646   0.005  7.13   83.0
  4767.57309  16.653   0.005  7.46   83.0
  4772.54497  16.644   0.005  5.73   95.0
  4772.55054  16.612   0.005  6.40   96.0
  4773.53902  16.636   0.005  6.80  109.0
  4773.54460  16.618   0.005  7.35  109.0
  4788.53987  16.670   0.006  8.19   92.0
  4788.54545  16.653   0.006  7.07   92.0
  4796.52872  16.643   0.005  6.42  128.0
  4796.53432  16.643   0.005  6.68  109.0
  4800.55749  16.632   0.006  7.82   97.0
  4800.56307  16.633   0.006  7.75   97.0
  4802.52193  16.634   0.007  7.72  487.0
  4802.52751  16.620   0.006  7.32  210.0
  4809.52704  16.616   0.008  8.16 1133.0
  4809.53262  16.623   0.007  7.94  937.0
  4945.91781  16.532   0.004  1.91  553.0
  4954.89970  16.566   0.004  9.99    0.0
  4954.90519  16.552   0.005  1.63  165.0
