  2085.89230  18.588   0.021
  2085.89738  18.538   0.022
  2091.89517  18.536   0.014
  2091.90025  18.569   0.015
  2103.81800  18.529   0.013
  2103.82308  18.479   0.012
  2123.74716  18.556   0.025
  2123.75220  18.511   0.022
  2140.73322  18.476   0.020
  2140.73827  18.547   0.019
  2162.68405  18.483   0.020
  2162.68911  18.529   0.023
  2167.67552  18.492   0.019
  2167.68058  18.488   0.020
  2173.65979  18.507   0.018
  2173.66486  18.541   0.018
  2193.61120  18.532   0.018
  2193.61625  18.528   0.018
  2201.59564  18.476   0.020
  2201.60104  18.562   0.025
  2225.57721  18.545   0.018
  2225.58227  18.533   0.018
  2227.62041  18.513   0.019
  2227.62732  18.588   0.020
  2243.57198  18.624   0.030
  2243.57704  18.545   0.029
  2252.52672  18.595   0.024
  2252.53179  18.561   0.020
  2462.88426  18.606   0.023
  2462.88935  18.559   0.023
  2606.54850  18.587   0.024
  2606.55424  18.604   0.023
  2608.53499  18.633   0.029
  2611.52018  18.624   0.028
  2621.53091  18.735   0.036
  2763.90826  18.696   0.022
  2763.91401  18.689   0.019
  2770.90016  18.743   0.027
  2770.90591  18.712   0.024
  2784.92505  18.713   0.017
  2784.93082  18.702   0.018
  2791.91326  18.695   0.025
  2791.91901  18.733   0.026
  2797.87292  18.731   0.016
  2797.87869  18.782   0.018
  2812.90268  18.707   0.021
  2812.90843  18.745   0.023
  2814.90498  18.736   0.022
  2814.91073  18.714   0.022
  2816.90496  18.717   0.020
  2816.91071  18.725   0.020
  2818.89325  18.716   0.017
  2818.89900  18.694   0.017
  2818.90540  18.731   0.018
  2818.91116  18.704   0.019
  2819.90057  18.733   0.017
  2819.90633  18.707   0.017
  2830.82122  18.663   0.019
  2830.82698  18.701   0.017
  2831.83546  18.755   0.025
  2831.84123  18.735   0.024
  2832.83214  18.729   0.023
  2832.83789  18.689   0.022
  2835.86037  18.731   0.028
  2835.86611  18.700   0.025
  2841.83674  18.680   0.017
  2841.84248  18.704   0.018
  2844.82254  18.691   0.018
  2844.82828  18.696   0.017
  2850.78178  18.709   0.019
  2850.78753  18.723   0.019
  2853.81480  18.702   0.013
  2853.82057  18.654   0.011
  2857.80184  18.725   0.022
  2857.80761  18.725   0.029
  2858.79632  18.726   0.017
  2858.80206  18.720   0.017
  2858.81061  18.695   0.016
  2858.81636  18.740   0.017
  2868.73276  18.701   0.021
  2868.73853  18.647   0.020
  2869.73202  18.686   0.022
  2869.73778  18.655   0.020
  2870.73433  18.667   0.019
  2870.74580  18.703   0.020
  2870.75157  18.643   0.018
  2871.74531  18.672   0.017
  2871.75758  18.646   0.017
  2871.76334  18.670   0.016
  2876.72032  18.685   0.021
  2876.72608  18.634   0.019
  2883.72628  18.631   0.017
  2883.73202  18.643   0.016
  2885.81655  18.629   0.017
  2885.82224  18.637   0.019
  2886.66617  18.664   0.025
  2886.67186  18.666   0.021
  2888.71877  18.632   0.018
  2888.72446  18.652   0.019
  2895.70702  18.600   0.020
  2895.71266  18.640   0.022
  2897.70040  18.643   0.027
  2897.70605  18.596   0.030
  2899.68918  18.621   0.015
  2899.69483  18.613   0.014
  2903.72259  18.572   0.012
  2903.72823  18.570   0.013
  2906.68022  18.590   0.017
  2906.68585  18.557   0.017
  2910.65413  18.609   0.021
  2910.65978  18.598   0.022
  2912.65920  18.578   0.018
  2912.66484  18.557   0.017
  2915.60958  18.622   0.021
  2915.61521  18.575   0.021
  2916.63263  18.573   0.019
  2916.63826  18.606   0.019
  2922.62928  18.599   0.037
  2923.63088  18.646   0.026
  2923.63652  18.533   0.024
  2925.61887  18.552   0.021
  2925.62452  18.609   0.026
  2927.63072  18.577   0.019
  2927.63635  18.593   0.021
  2929.63460  18.603   0.024
  2929.64024  18.555   0.021
  2930.61461  18.557   0.017
  2930.62024  18.585   0.018
  2931.61389  18.578   0.017
  2931.61952  18.568   0.017
  2932.61097  18.563   0.018
  2932.61660  18.580   0.018
  2933.60895  18.582   0.015
  2933.61457  18.587   0.015
  2939.56383  18.598   0.022
  2939.56948  18.642   0.023
  2941.55194  18.562   0.019
  2941.55758  18.565   0.017
  2945.55593  18.555   0.024
  2945.56157  18.593   0.024
  2949.54125  18.595   0.025
  2949.54688  18.593   0.027
  2953.54428  18.539   0.020
  2953.54989  18.563   0.022
  2956.56666  18.559   0.015
  2956.57232  18.565   0.014
  2956.57851  18.562   0.016
  2956.58415  18.567   0.017
  2958.56423  18.533   0.017
  2958.56985  18.528   0.016
  2965.52870  18.547   0.021
  2965.53435  18.543   0.020
  2973.52854  18.618   0.024
  2973.53415  18.585   0.023
  2989.53195  18.555   0.026
  2989.53756  18.549   0.024
  2995.53382  18.522   0.022
  2995.53945  18.507   0.019
  3126.91246  18.519   0.017
  3126.91810  18.565   0.020
  3131.90524  18.490   0.025
  3131.91087  18.515   0.023
  3132.89778  18.486   0.027
  3132.90341  18.478   0.025
  3144.92321  18.568   0.021
  3144.92883  18.476   0.023
  3150.91318  18.525   0.016
  3150.91881  18.525   0.015
  3162.90771  18.478   0.019
  3162.91336  18.498   0.018
  3168.93381  18.438   0.015
  3168.93943  18.463   0.016
  3174.91780  18.479   0.013
  3174.92341  18.507   0.013
  3180.90522  18.501   0.014
  3180.91087  18.475   0.014
  3185.89351  18.461   0.014
  3185.89913  18.480   0.014
  3191.88921  18.454   0.023
  3191.89485  18.507   0.026
  3195.86905  18.461   0.017
  3195.87468  18.460   0.017
  3202.84490  18.517   0.018
  3202.85052  18.500   0.021
  3210.81578  18.417   0.013
  3210.82140  18.393   0.012
  3216.83579  18.428   0.022
  3224.79860  18.429   0.015
  3229.75204  18.397   0.017
  3229.75766  18.405   0.018
  3239.75980  18.351   0.017
  3239.76543  18.413   0.017
  3250.74389  18.338   0.018
  3250.74951  18.323   0.019
  3257.70814  18.347   0.013
  3257.71378  18.363   0.014
  3260.73739  18.389   0.015
  3260.74303  18.373   0.016
  3267.67159  18.366   0.012
  3267.67723  18.331   0.012
  3279.64158  18.309   0.017
  3279.64720  18.348   0.018
  3288.59484  18.321   0.016
  3288.60047  18.309   0.014
  3294.58235  18.310   0.019
  3294.58797  18.292   0.018
  3299.58804  18.273   0.011
  3299.59365  18.326   0.010
  3305.59708  18.292   0.018
  3305.60273  18.274   0.018
  3309.57316  18.317   0.016
  3309.57878  18.248   0.020
  3315.54642  18.267   0.013
  3315.55206  18.268   0.013
  3324.57192  18.288   0.015
  3324.57754  18.228   0.015
  3332.53007  18.304   0.025
  3332.53571  18.273   0.021
  3339.56719  18.259   0.013
  3339.57283  18.303   0.014
  3354.53340  18.272   0.015
  3354.53903  18.240   0.014
  3359.53129  18.292   0.026
  3359.53692  18.190   0.022
  3490.91005  17.770   0.009
  3490.91568  17.757   0.009
  3491.90809  17.749   0.009
  3491.91373  17.754   0.009
  3497.91491  17.792   0.008
  3497.92054  17.757   0.008
  3502.91057  17.757   0.008
  3502.91620  17.768   0.008
  3509.91582  17.742   0.008
  3509.92145  17.728   0.008
  3521.90684  17.735   0.011
  3521.91249  17.741   0.011
  3525.93029  17.766   0.009
  3525.93591  17.744   0.009
  3529.93034  17.764   0.007
  3529.93595  17.775   0.008
  3538.91641  17.800   0.009
  3538.92206  17.814   0.009
  3541.91189  17.802   0.009
  3541.91752  17.804   0.009
  3543.86688  17.801   0.011
  3543.87251  17.850   0.013
  3551.89119  17.841   0.008
  3551.89683  17.815   0.008
  3554.88775  17.828   0.011
  3554.89340  17.846   0.011
  3558.87191  17.821   0.008
  3558.87753  17.820   0.010
  3560.86810  17.849   0.010
  3560.87373  17.866   0.010
  3569.82929  17.839   0.010
  3569.83494  17.857   0.010
  3572.83313  17.837   0.014
  3572.83877  17.841   0.016
  3577.80416  17.890   0.012
  3577.80978  17.896   0.014
  3585.78904  17.896   0.009
  3585.79465  17.911   0.009
  3590.79138  17.933   0.009
  3590.79704  17.914   0.009
  3593.78469  17.911   0.009
  3593.79032  17.905   0.009
  3608.73770  17.935   0.009
  3608.74332  17.922   0.009
  3615.74863  17.906   0.009
  3615.75426  17.907   0.010
  3620.71557  17.897   0.009
  3620.72121  17.908   0.009
  3625.63026  17.896   0.012
  3625.63588  17.911   0.013
  3628.68908  17.874   0.013
  3628.69473  17.876   0.013
  3638.72365  17.897   0.011
  3638.72926  17.891   0.011
  3639.64150  17.893   0.008
  3639.64715  17.874   0.007
  3644.63945  17.862   0.008
  3644.64508  17.899   0.009
  3651.61753  17.847   0.010
  3651.62317  17.844   0.009
  3653.59216  17.885   0.009
  3653.59780  17.876   0.009
  3656.60578  17.873   0.016
  3656.61138  17.838   0.015
  3660.58932  17.833   0.017
  3660.59496  17.852   0.019
  3664.57353  17.857   0.008
  3664.57916  17.878   0.008
  3666.56567  17.865   0.008
  3666.57129  17.872   0.008
  3672.56491  17.852   0.010
  3672.57054  17.851   0.010
  3674.57271  17.841   0.009
  3674.57835  17.844   0.009
  3676.54058  17.876   0.010
  3676.54621  17.888   0.010
  3682.55721  17.797   0.011
  3682.57232  17.844   0.010
  3683.53361  17.828   0.012
  3683.55587  17.850   0.011
  3687.52657  17.823   0.014
  3687.53220  17.823   0.014
  3690.52799  17.808   0.014
  3690.53361  17.872   0.018
  3693.52137  17.833   0.011
  3693.52700  17.843   0.010
  3695.51943  17.799   0.010
  3695.52508  17.820   0.009
  3704.53162  17.830   0.013
  3704.53725  17.887   0.012
  3706.53807  17.835   0.010
  3706.54370  17.842   0.012
  3715.53041  17.889   0.019
  3715.53604  17.847   0.016
  3718.53397  17.899   0.018
  3718.53958  17.815   0.018
  3861.91506  17.827   0.008
  3861.92070  17.822   0.009
  3864.91308  17.833   0.008
  3864.91871  17.814   0.008
  3869.91517  17.862   0.013
  3869.92079  17.795   0.011
  3874.92373  17.847   0.009
  3874.92937  17.832   0.009
  3881.93270  17.860   0.008
  3881.93832  17.833   0.009
  3891.93102  17.846   0.010
  3891.93663  17.892   0.010
  3900.89265  17.849   0.010
  3900.89828  17.816   0.009
  3905.90921  17.850   0.009
  3905.91483  17.805   0.009
  3908.90320  17.833   0.007
  3908.90885  17.840   0.008
  3909.90296  17.816   0.007
  3909.90857  17.844   0.008
  3912.90797  17.847   0.008
  3912.91361  17.851   0.008
  3915.87914  17.818   0.008
  3915.88478  17.806   0.008
  3917.87615  17.871   0.010
  3917.88177  17.808   0.009
  3920.87813  17.836   0.008
  3920.88374  17.837   0.009
  3932.85307  17.881   0.013
  3932.85871  17.871   0.013
  3934.84407  17.858   0.008
  3934.84968  17.851   0.008
  3936.83462  17.822   0.010
  3936.84027  17.863   0.010
  3937.80028  17.825   0.011
  3937.80591  17.811   0.010
  3938.82334  17.881   0.011
  3938.82897  17.845   0.012
  3944.79813  17.860   0.007
  3944.80377  17.838   0.008
  3945.80819  17.870   0.008
  3945.81384  17.862   0.009
  3950.80775  17.811   0.009
  3950.81334  17.880   0.009
  3959.75038  17.847   0.015
  3959.75597  17.849   0.016
  3960.76618  17.857   0.008
  3960.77178  17.875   0.008
  3963.76272  17.887   0.011
  3963.76831  17.860   0.011
  3964.75377  17.855   0.008
  3964.75936  17.876   0.008
  3965.75231  17.863   0.008
  3965.75793  17.880   0.008
  3966.74900  17.864   0.009
  3966.75459  17.911   0.009
  3967.74607  17.863   0.009
  3967.75166  17.855   0.010
  3968.74330  17.879   0.010
  3968.74889  17.887   0.009
  3969.73575  17.853   0.010
  3969.74135  17.896   0.010
  3970.73547  17.856   0.008
  3970.74104  17.883   0.008
  3974.71867  17.860   0.010
  3974.72425  17.852   0.010
  3975.71798  17.869   0.009
  3975.72360  17.846   0.009
  3980.65334  17.888   0.010
  3980.65893  17.852   0.010
  3982.71688  17.894   0.013
  3982.72248  17.872   0.014
  3990.69331  17.862   0.008
  3990.69890  17.866   0.009
  3999.67742  17.895   0.009
  3999.68302  17.869   0.009
  4002.65701  17.892   0.008
  4002.66260  17.888   0.009
  4006.63149  17.875   0.008
  4006.63706  17.876   0.008
  4008.63654  17.903   0.009
  4008.64214  17.899   0.009
  4011.62726  17.852   0.011
  4011.63284  17.863   0.012
  4017.61561  17.871   0.009
  4017.62119  17.854   0.009
  4019.61414  17.850   0.009
  4019.61973  17.844   0.009
  4021.60666  17.866   0.009
  4021.61224  17.848   0.009
  4023.59554  17.885   0.009
  4023.60114  17.846   0.008
  4025.59212  17.840   0.008
  4025.59771  17.872   0.009
  4027.57938  17.830   0.009
  4027.58496  17.843   0.009
  4030.56991  17.866   0.010
  4030.57549  17.867   0.010
  4036.55146  17.854   0.013
  4036.55702  17.826   0.012
  4039.54248  17.786   0.015
  4039.54806  17.912   0.014
  4042.55038  17.887   0.014
  4042.55597  17.872   0.016
  4046.51734  17.843   0.010
  4046.52291  17.838   0.010
  4049.51672  17.817   0.009
  4049.52233  17.839   0.009
  4051.51371  17.817   0.012
  4051.51932  17.795   0.009
  4053.51734  17.770   0.009
  4053.52291  17.806   0.009
  4058.54475  17.830   0.009
  4058.55035  17.806   0.009
  4063.51778  17.823   0.013
  4063.52336  17.833   0.011
  4065.53834  17.791   0.010
  4065.54395  17.790   0.010
  4070.55325  17.850   0.013
  4070.55883  17.790   0.013
  4076.52820  17.787   0.011
  4076.54587  17.768   0.010
  4080.53458  17.781   0.011
  4085.53824  17.753   0.014
  4215.91880  17.784   0.013  7.42  668.0
  4215.92439  17.811   0.021  8.03 2224.0
  4227.92817  17.786   0.017  7.69 1380.0
  4227.93375  17.756   0.021  7.33 3917.0
  4243.89845  17.816   0.012  7.48  140.0
  4243.90403  17.740   0.011  7.45  135.0
  4250.88774  17.807   0.018  8.65  695.0
  4250.89332  17.773   0.015  8.01  644.0
  4253.85749  17.789   0.019  7.14 1115.0
  4253.86306  17.764   0.019  8.81 1085.0
  4255.89035  17.775   0.014  7.17  800.0
  4255.89594  17.788   0.014  7.34  787.0
  4279.92851  17.864   0.012  7.31   37.0
  4279.94285  17.812   0.013  7.85   81.0
  4293.91665  17.817   0.006  6.84   26.0
  4293.92500  17.859   0.006  5.94   28.0
  4308.82001  17.825   0.011  6.63  180.0
  4308.83142  17.817   0.011  7.05  175.0
  4328.76674  17.813   0.013  7.43   78.0
  4328.77232  17.835   0.015  8.56   80.0
  4330.81181  17.814   0.011  6.83   83.0
  4330.81740  17.823   0.012  7.05   82.0
  4342.81223  17.799   0.023  6.80 4409.0
  4342.81782  17.817   0.027  7.56 4463.0
  4346.74726  17.832   0.016  8.45  227.0
  4346.75284  17.836   0.014  7.89  234.0
  4348.71339  17.833   0.012  6.95   87.0
  4348.71898  17.827   0.011  6.80   85.0
  4354.68988  17.664   0.010  7.13   86.0
  4354.69545  17.864   0.012  7.26   88.0
  4359.66920  17.838   0.015  8.19   90.0
  4359.67477  17.803   0.016  8.71   90.0
  4363.65168  17.806   0.012  7.44  228.0
  4363.65729  17.812   0.012  7.07  225.0
  4370.66356  17.832   0.018  6.13 3398.0
  4370.66914  17.856   0.018  6.08 3455.0
  4373.63551  17.854   0.011  5.86  379.0
  4373.64111  17.848   0.011  5.66  400.0
  4377.64337  17.860   0.012  6.87   87.0
  4377.64895  17.879   0.012  7.34   87.0
  4380.64361  17.861   0.010  5.95   90.0
  4380.64918  17.849   0.010  5.76   95.0
  4383.63220  17.831   0.010  6.54   95.0
  4383.63777  17.857   0.010  5.57   96.0
  4386.63321  17.853   0.012  7.31   86.0
  4386.63880  17.802   0.013  7.91   86.0
  4390.56769  17.872   0.012  7.08  119.0
  4390.57329  17.865   0.012  7.17  119.0
  4391.52069  17.849   0.012  7.05  226.0
  4391.52629  17.841   0.012  7.01  232.0
  4392.58286  17.826   0.011  5.80  228.0
  4392.58843  17.845   0.011  6.31  231.0
  4393.60639  17.868   0.012  6.09  398.0
  4393.61198  17.830   0.011  5.57  377.0
  4398.59244  17.884   0.016  6.19 1912.0
  4398.59802  17.869   0.017  6.38 1948.0
  4402.60757  17.846   0.011  5.92  186.0
  4402.61314  17.863   0.012  6.46  248.0
  4407.57142  17.838   0.011  6.80   88.0
  4407.57701  17.838   0.011  7.24   88.0
  4411.56509  17.840   0.013  7.74   87.0
  4411.57067  17.824   0.012  7.09   89.0
  4415.58629  17.862   0.010  6.02   93.0
  4415.59188  17.870   0.010  5.90   92.0
  4422.55457  17.849   0.016  6.73  893.0
  4422.56015  17.849   0.016  7.41  818.0
  4425.54856  17.893   0.015  6.40 1077.0
  4425.55414  17.819   0.015  7.16 1106.0
  4430.52649  17.860   0.011  6.46  143.0
  4430.53206  17.848   0.011  6.34  113.0
  4434.52956  17.847   0.011  6.51  142.0
  4434.53516  17.862   0.011  6.06  113.0
  4438.53328  17.870   0.012  7.16  135.0
  4438.53884  17.865   0.013  7.39  115.0
  4602.90926  17.887   0.009  6.88  125.0
  4602.91484  17.915   0.009  7.22  128.0
  4616.91606  17.930   0.011  6.51  190.0
  4616.92165  17.850   0.011  7.13  192.0
  4624.93994  17.913   0.012  6.61  348.0
  4624.94554  17.927   0.016  6.98 1268.0
  4633.94558  17.912   0.013  6.19  928.0
  4633.95117  17.960   0.022  6.42 4026.0
  4645.92175  17.957   0.012  6.99  169.0
  4645.92735  17.956   0.012  6.97  173.0
  4655.87308  17.957   0.011  6.87   88.0
  4655.87865  17.945   0.012  7.12   88.0
  4662.82141  18.008   0.014  6.89  455.0
  4662.82700  17.990   0.013  6.59  447.0
  4672.80803  18.013   0.013  6.57  253.0
  4672.81360  18.009   0.012  6.65  253.0
  4675.81554  17.990   0.011  6.37   82.0
  4675.82113  17.984   0.010  6.05   85.0
  4681.80797  17.998   0.010  6.07   64.0
  4681.81356  18.027   0.011  6.41   64.0
  4684.79065  18.026   0.010  5.59   70.0
  4684.79623  18.024   0.011  6.05   70.0
  4687.80101  18.060   0.010  6.83   86.0
  4688.77543  17.985   0.011  6.13   90.0
  4688.78102  18.045   0.011  6.44   73.0
  4700.70315  18.060   0.015  7.45  294.0
  4700.70872  17.991   0.013  6.86  298.0
  4707.69650  18.042   0.010  6.13   67.0
  4707.70209  18.030   0.010  5.47   66.0
  4717.66479  18.018   0.012  6.51  198.0
  4717.67038  17.968   0.011  6.09  196.0
  4728.67120  17.991   0.016  7.45  424.0
  4728.67678  17.939   0.015  7.35  433.0
  4736.62485  17.975   0.013  7.24   66.0
  4736.63045  17.934   0.014  8.17   65.0
  4747.70477  17.957   0.013  6.93  330.0
  4747.71033  17.967   0.013  7.27  323.0
  4756.67231  18.004   0.016  7.22  865.0
  4756.67789  18.017   0.016  7.06  896.0
  4759.60329  17.999   0.011  5.95   80.0
  4759.60889  17.960   0.012  6.71   79.0
  4767.56751  18.024   0.013  7.13   83.0
  4767.57309  17.990   0.012  7.46   83.0
  4772.54497  17.984   0.010  5.73   95.0
  4772.55054  17.993   0.010  6.40   96.0
  4773.53902  17.939   0.011  6.80  109.0
  4773.54460  17.958   0.012  7.35  109.0
  4788.53987  17.958   0.015  8.19   92.0
  4788.54545  17.970   0.013  7.07   92.0
  4796.52872  17.989   0.011  6.42  128.0
  4796.53432  18.015   0.012  6.68  109.0
  4800.55749  18.038   0.014  7.82   97.0
  4800.56307  17.989   0.014  7.75   97.0
  4802.52193  17.934   0.016  7.72  487.0
  4802.52751  17.978   0.014  7.32  210.0
  4809.52704  18.053   0.023  8.16 1133.0
  4809.53262  17.878   0.018  7.94  937.0
  4945.91781  17.922   0.010  1.91  553.0
  4954.89970  17.994   0.011  9.99    0.0
  4954.90519  17.965   0.011  1.63  165.0
