57836.39705 -13.02131 0.00361 -12.41105 0.00661 -12.35837 0.00202 -12.05921 0.00720
57838.39368 -13.02542 0.00376 -12.40846 0.00626 -12.34542 0.00337 -12.07784 0.00956
57839.39407 -13.02187 0.00227 -12.39921 0.00583 -12.34549 0.00158 -12.07212 0.00505
57841.40751 -13.03653 0.00548 -12.40417 0.01482 -12.34317 0.00458 -12.06062 0.01105
57842.38473 -13.01818 0.00205 -12.42828 0.00350 -12.34678 0.00331 -12.06272 0.00751
57843.40194 -13.01772 0.00406 -12.40431 0.00598 -12.34294 0.00290 -12.05375 0.00358
57844.39725 -13.02946 0.00345 -12.39586 0.00315 -12.33537 0.00383 -12.05719 0.00409
57845.37823 -13.02539 0.00393 -12.40263 0.00728 -12.33692 0.00314 -12.06116 0.00381
57847.39945 -13.03004 0.00185 -12.39799 0.00360 -12.33542 0.00289 -12.05933 0.00352
57849.38262 -13.01441 0.00170 -12.40222 0.00286 -12.33542 0.00253 -12.06081 0.00315
57851.36913 -13.01427 0.00393 -12.39150 0.00661 -12.34163 0.00419 -12.05821 0.00633
57852.35403 -13.02368 0.00978 -12.38281 0.01491 -12.34917 0.00635 -12.07037 0.01197
57864.35634 -13.02680 0.00190 -12.38481 0.00279 -12.32024 0.00424 -12.06073 0.00347
57865.41664 -13.02930 0.00198 -12.39087 0.00311 -12.32435 0.00354 -12.06250 0.00400
57866.37494 -13.03798 0.00309 -12.39171 0.00283 -12.32373 0.00420 -12.05544 0.00346
57867.40160 -13.04172 0.01036 -12.38897 0.01807 -12.33106 0.00866 -12.08169 0.01324
57872.38773 -13.01693 0.00171 -12.37486 0.00467 -12.32166 0.00256 -12.05216 0.00394
57873.38392 -13.01986 0.00185 -12.37222 0.00362 -12.33335 0.00289 -12.05392 0.00354
57876.35200 -13.02975 0.00307 -12.37170 0.00315 -12.33656 0.00373 -12.03383 0.00409
57877.38787 -13.02554 0.00200 -12.36505 0.00389 -12.34808 0.00278 -12.05417 0.00341
57878.37916 -13.01679 0.00175 -12.36990 0.00419 -12.34437 0.00274 -12.04103 0.00452
57888.39859 -13.00512 0.01050 -12.36651 0.01141 -12.36283 0.00564 -12.06153 0.00843
57889.42444 -12.99994 0.00823 -12.37900 0.00829 -12.34376 0.00588 -12.02522 0.00775
57890.37496 -13.01342 0.01036 -12.35496 0.01807 -12.35299 0.00866 -12.03979 0.01324
57893.38055 -13.01555 0.00508 -12.34036 0.00859 -12.33952 0.00451 -12.04447 0.00478
57894.31157 -13.00243 0.00196 -12.36917 0.00298 -12.34064 0.00304 -12.02812 0.00603
57895.32442 -12.99719 0.00207 -12.35540 0.01009 -12.34769 0.00323 -12.03880 0.00554
57903.43419 -13.01390 0.00231 -12.33629 0.00434 -12.35368 0.00417 -12.02214 0.00667
57904.41624 -13.03203 0.00540 -12.32870 0.00357 -12.34756 0.00352 -12.02622 0.00916
57905.39897 -13.01262 0.00629 -12.36465 0.01168 -12.35000 0.00492 -12.01711 0.00417
57906.40620 -13.03103 0.00429 -12.33727 0.00769 -12.34572 0.00657 -12.01687 0.00423
57907.41122 -13.01629 0.00261 -12.33474 0.00830 -12.33931 0.00325 -12.02931 0.00409
57908.35122 -13.01845 0.00750 -12.35525 0.01115 -12.33921 0.00329 -12.01574 0.01641
57911.24338 -13.00038 0.01036 -12.40404 0.01807 -12.32142 0.01193 -11.99294 0.01587
57913.21304 -13.01777 0.01165 -12.39537 0.02288 -12.31259 0.00978 -11.99599 0.02120
57915.23090 -13.03028 0.00298 -12.36740 0.00593 -12.32410 0.00530 -12.02387 0.00859
57916.38972 -13.03479 0.00345 -12.35360 0.00909 -12.33040 0.00628 -12.00155 0.00837
57917.34287 -13.01393 0.00936 -12.40288 0.01134 -12.31115 0.00499 -12.02527 0.00782
57923.34338 -13.03430 0.00682 -12.38210 0.00362 -12.30177 0.00441 -12.02394 0.00437
57924.39686 -13.04334 0.00178 -12.36185 0.00404 -12.29496 0.00304 -12.01436 0.00336
57933.20311 -13.04731 0.00203 -12.34089 0.01057 -12.28192 0.00325 -12.02889 0.01067
57934.34243 -13.03327 0.00234 -12.35965 0.02202 -12.28639 0.00378 -12.01973 0.00553
57937.15907 -13.03469 0.00915 -12.36137 0.01450 -12.28206 0.00439 -12.02434 0.00585
57944.28624 -13.02706 0.00577 -12.35281 0.00914 -12.26584 0.00570 -12.03935 0.00693
57945.28114 -13.02847 0.00470 -12.34437 0.00462 -12.26835 0.00647 -12.03129 0.00605
57946.38928 -13.02437 0.00712 -12.33790 0.01871 -12.25808 0.00661 -12.03443 0.00803
57948.37576 -13.03561 0.00589 -12.31772 0.01846 -12.26809 0.00506 -12.02308 0.00623
57949.37557 -13.04689 0.01039 -12.26338 0.02029 -12.28434 0.01992 -12.01010 0.02537
57951.34162 -13.01289 0.01036 -12.33310 0.01807 -12.27207 0.00928 -12.02406 0.01324
57952.38005 -13.01467 0.00395 -12.31599 0.01203 -12.26269 0.00709 -12.01434 0.01027
57953.31120 -13.00144 0.00284 -12.32610 0.00460 -12.25821 0.00424 -12.01982 0.00439
57954.33640 -12.99662 0.00265 -12.31879 0.00942 -12.26402 0.00265 -12.02082 0.00345
57955.25675 -12.98762 0.00170 -12.32335 0.00233 -12.26532 0.00240 -12.01496 0.00450
57956.27200 -12.99757 0.01036 -12.31445 0.01807 -12.26176 0.00866 -12.03217 0.01324
57958.11833 -13.00111 0.00354 -12.31778 0.00337 -12.26685 0.00436 -12.01331 0.00882
57959.13651 -12.99067 0.00716 -12.33281 0.01079 -12.25915 0.00291 -12.02800 0.00343
57960.19900 -12.98239 0.00163 -12.32058 0.00385 -12.25411 0.00245 -12.03151 0.00281
57961.12579 -12.98877 0.00253 -12.31087 0.00340 -12.25804 0.00269 -12.01916 0.00316
57962.12275 -12.98447 0.01043 -12.33646 0.00305 -12.26211 0.00318 -12.03563 0.00802
57964.24527 -12.97324 0.00282 -12.32240 0.00650 -12.24134 0.00338 -12.02303 0.00327
57970.23655 -12.95952 0.00492 -12.31727 0.00589 -12.24371 0.00538 -12.01154 0.00654
57971.23002 -12.95335 0.00300 -12.32733 0.00506 -12.26060 0.00609 -12.00736 0.01150
57972.23475 -12.96751 0.00411 -12.28336 0.03379 -12.22428 0.00784 -11.98846 0.00967
57974.24541 -12.95902 0.01291 -12.33142 0.01377 -12.26468 0.00662 -12.00500 0.00648
57979.18276 -12.94595 0.00177 -12.31259 0.00352 -12.27296 0.00314 -11.99024 0.00313
57980.18592 -12.94753 0.00330 -12.29303 0.00285 -12.26798 0.00484 -11.98567 0.00320
57981.16184 -12.94563 0.00183 -12.30177 0.00238 -12.27074 0.00243 -11.99219 0.00290
57982.19681 -12.94628 0.00305 -12.29083 0.00373 -12.27823 0.00287 -11.98621 0.00267
57983.19282 -12.95533 0.00282 -12.28688 0.00508 -12.28033 0.00241 -11.98365 0.00294
57985.22616 -12.94762 0.00610 -12.28689 0.01026 -12.28439 0.00345 -11.98672 0.00665
57986.19314 -12.94438 0.00252 -12.29032 0.00301 -12.29006 0.00311 -11.97651 0.00342
57987.18858 -12.94296 0.00259 -12.28781 0.00635 -12.29725 0.00313 -11.97806 0.00396
57988.19795 -12.96319 0.01036 -12.20634 0.01807 -12.33574 0.00866 -12.00876 0.01324
57990.17501 -12.96428 0.00618 -12.29411 0.00716 -12.31726 0.00390 -11.98177 0.00961
57991.26323 -12.98873 0.00224 -12.26287 0.02022 -12.32773 0.00382 -11.98950 0.00485
57992.19234 -12.95215 0.00392 -12.28570 0.00870 -12.32552 0.00275 -11.97416 0.00347
57993.19827 -12.96285 0.00550 -12.26729 0.01329 -12.33998 0.00305 -11.97853 0.00648
57994.20903 -12.95155 0.00599 -12.29662 0.01136 -12.33082 0.00347 -11.97254 0.00611
57998.20943 -12.91510 0.00764 -12.31610 0.00940 -12.34883 0.00937 -11.97669 0.01021
58000.19109 -12.93971 0.01036 -12.27711 0.01807 -12.35535 0.01196 -11.97059 0.01687
58001.15440 -12.93610 0.00326 -12.28777 0.00785 -12.35476 0.00523 -11.96720 0.01422
58003.21573 -12.94231 0.00607 -12.28532 0.00743 -12.35922 0.01234 -11.96402 0.00928
58004.20645 -12.94236 0.00510 -12.26455 0.00610 -12.36977 0.00557 -11.97123 0.01031
58008.19987 -12.94071 0.00286 -12.28355 0.00964 -12.37487 0.00623 -11.98447 0.00569
58010.20640 -12.94635 0.00377 -12.28148 0.00488 -12.37194 0.00379 -11.94866 0.00758
58011.12928 -12.94879 0.00387 -12.28827 0.01165 -12.37272 0.00372 -11.97251 0.00370
58012.04740 -12.95003 0.00904 -12.29093 0.00694 -12.37993 0.00289 -11.95890 0.00488
58013.14570 -12.96504 0.00509 -12.28439 0.00418 -12.36782 0.00275 -11.95190 0.00799
58014.08072 -12.94620 0.00464 -12.30811 0.00231 -12.37178 0.00225 -11.95554 0.00293
58017.05552 -12.96538 0.00417 -12.29327 0.00412 -12.36112 0.00289 -11.95716 0.00464
58018.09653 -12.96081 0.00148 -12.29549 0.00217 -12.35984 0.00245 -11.95516 0.00347
58019.14585 -12.96809 0.00308 -12.30011 0.00221 -12.35781 0.00266 -11.95017 0.00410
58020.16681 -12.97648 0.00328 -12.28129 0.00535 -12.35590 0.00223 -11.94715 0.00386
58021.18193 -12.98981 0.00168 -12.29723 0.00870 -12.35934 0.00240 -11.95469 0.00317
58022.17956 -12.99288 0.00858 -12.27567 0.02021 -12.35427 0.00266 -11.95547 0.01071
58023.18721 -12.98934 0.00192 -12.30613 0.01012 -12.35341 0.00516 -11.94449 0.00507
58025.15652 -13.00281 0.00598 -12.32682 0.01023 -12.35224 0.00407 -11.94738 0.00906
58026.16080 -13.00465 0.00419 -12.31956 0.00332 -12.34688 0.00375 -11.94866 0.00446
58028.16334 -13.01678 0.00617 -12.33728 0.01141 -12.35966 0.00833 -11.95974 0.04164
58029.17210 -13.01327 0.00629 -12.32151 0.01477 -12.34946 0.00509 -11.94982 0.00714
58030.15695 -13.00995 0.01012 -12.35717 0.02099 -12.34024 0.00816 -11.94761 0.00781
58032.01980 -13.04161 0.01118 -12.33142 0.01152 -12.36169 0.01645 -11.95243 0.00942
58033.17717 -13.04454 0.00728 -12.34724 0.01553 -12.35111 0.00539 -11.95110 0.00762
58033.99953 -13.05917 0.01161 -12.33148 0.03150 -12.38235 0.00447 -11.95734 0.02059
58035.03803 -13.05841 0.00234 -12.32524 0.00364 -12.35908 0.00293 -11.95172 0.00394
58036.05021 -13.05510 0.00257 -12.35170 0.00784 -12.36230 0.00423 -11.96138 0.00360
58037.01268 -13.05545 0.00704 -12.36066 0.00683 -12.37165 0.00376 -11.93559 0.01246
58038.07984 -13.06611 0.00289 -12.36021 0.02032 -12.38737 0.00488 -11.93069 0.00714
58039.00253 -13.06226 0.00405 -12.35056 0.01159 -12.37162 0.00313 -11.96132 0.00874
58040.00042 -13.06120 0.00405 -12.35596 0.00703 -12.36985 0.00287 -11.95665 0.00390
58041.01598 -13.06485 0.00195 -12.35511 0.00707 -12.37328 0.00293 -11.95789 0.00399
58043.04915 -13.06266 0.00177 -12.35257 0.00742 -12.37286 0.00303 -11.96358 0.00340
58045.00447 -13.06882 0.00476 -12.34517 0.00478 -12.37737 0.00257 -11.97302 0.00507
58046.00980 -13.06766 0.00173 -12.35610 0.00264 -12.38606 0.00259 -11.97724 0.00342
58047.00559 -13.05925 0.00220 -12.36343 0.00645 -12.37907 0.00312 -11.98028 0.00529
58048.00460 -13.05846 0.00179 -12.36551 0.00259 -12.38810 0.00256 -11.99475 0.00361
58048.99839 -13.06308 0.01036 -12.34980 0.01807 -12.38160 0.00866 -11.99633 0.01324
58050.00412 -13.06607 0.00418 -12.35940 0.00432 -12.38770 0.00264 -11.98874 0.00376
58051.04543 -13.06494 0.00541 -12.35278 0.01061 -12.38760 0.00685 -12.00605 0.00593
58052.07950 -13.06432 0.00374 -12.35685 0.01148 -12.39528 0.00509 -11.99588 0.01065
58054.01619 -13.07454 0.00352 -12.34793 0.00452 -12.38990 0.00495 -11.99058 0.01164
58055.02248 -13.05965 0.00559 -12.36013 0.01179 -12.39500 0.00387 -11.98984 0.00538
58056.08419 -13.05357 0.00249 -12.36518 0.00433 -12.39817 0.00472 -12.00682 0.00585
58057.05394 -13.06134 0.00472 -12.34632 0.00508 -12.38305 0.00453 -12.00002 0.00538
58058.04014 -13.06163 0.00267 -12.34764 0.00459 -12.38256 0.00889 -12.00820 0.00608
58059.01578 -13.05818 0.00727 -12.33390 0.00830 -12.39270 0.00541 -12.00283 0.00904
58061.06387 -13.04358 0.01260 -12.36579 0.00690 -12.39232 0.00674 -11.99341 0.02105
58062.01505 -13.05050 0.00274 -12.35041 0.00602 -12.39845 0.00501 -12.01639 0.00631
58063.02531 -13.04443 0.00175 -12.35077 0.00325 -12.39101 0.00258 -12.00241 0.00518
58064.12945 -13.06870 0.00295 -12.31381 0.01477 -12.37819 0.00469 -11.99754 0.00654
58065.02066 -13.04023 0.00590 -12.35590 0.00486 -12.38843 0.00473 -11.95998 0.00675
58066.04006 -13.04682 0.00175 -12.32988 0.00544 -12.39367 0.00439 -12.01152 0.00441
58067.03199 -13.03818 0.00186 -12.33890 0.00552 -12.38736 0.00241 -12.00932 0.00303
58068.02131 -13.04087 0.00505 -12.33726 0.00249 -12.38366 0.00242 -11.99672 0.00341
58069.02839 -13.04073 0.00307 -12.33898 0.00462 -12.38921 0.00287 -12.00798 0.00823
58070.03334 -13.05229 0.00175 -12.34433 0.01044 -12.39112 0.00516 -12.01539 0.00615
58071.03804 -13.05251 0.00279 -12.34076 0.00271 -12.39415 0.00303 -12.00626 0.00341
58072.03659 -13.04983 0.00537 -12.35715 0.00430 -12.39855 0.00282 -12.00289 0.00539
58073.03876 -13.05805 0.00175 -12.33981 0.00658 -12.40413 0.00260 -12.00608 0.00315
58074.04338 -13.06518 0.00508 -12.34302 0.01150 -12.40523 0.00296 -12.01590 0.00460
58075.04613 -13.05779 0.00288 -12.34620 0.00460 -12.39196 0.00286 -11.99840 0.00671
58076.04265 -13.06163 0.00321 -12.35290 0.00354 -12.39373 0.00477 -11.98621 0.00469
58077.08119 -13.07896 0.00666 -12.32123 0.01444 -12.40088 0.00489 -11.99019 0.00696
58078.07210 -13.07669 0.00365 -12.32844 0.00361 -12.41314 0.00438 -11.98747 0.00384
58079.05753 -13.07234 0.00197 -12.34893 0.00336 -12.41722 0.00300 -12.00551 0.00401
58080.08043 -13.05640 0.00246 -12.36629 0.00536 -12.41196 0.00254 -12.00147 0.00404
58081.04904 -13.06996 0.00187 -12.35004 0.00291 -12.41641 0.00278 -12.00164 0.00373
58082.04998 -13.08016 0.00236 -12.35852 0.01164 -12.41038 0.00404 -11.99017 0.00987
58083.08512 -13.07686 0.00214 -12.36449 0.00398 -12.42695 0.00319 -11.99601 0.00566
58084.04333 -13.07938 0.00827 -12.35987 0.01704 -12.43307 0.00553 -11.99892 0.00598
58085.02730 -13.09824 0.00284 -12.32930 0.01392 -12.43821 0.00481 -11.98170 0.00722
58086.02554 -13.09276 0.00656 -12.34764 0.00594 -12.45303 0.00543 -11.98565 0.01034
58087.02069 -13.08565 0.00295 -12.35984 0.00858 -12.44032 0.00512 -12.00489 0.00726
58088.02337 -13.08192 0.00544 -12.38161 0.00763 -12.44440 0.00620 -12.02336 0.01713
58091.02224 -13.07340 0.00440 -12.35607 0.01476 -12.45853 0.00898 -11.97835 0.01133
58092.02102 -13.06359 0.00569 -12.40931 0.01519 -12.43166 0.01394 -11.98844 0.01212
58093.02749 -13.08514 0.00464 -12.35849 0.00462 -12.43645 0.00500 -12.02788 0.00978
