55476.13705 -12.14797 0.00351 -10.97454 0.00652 -10.77615 0.00762
55485.15865 -12.12599 0.00439 -10.94903 0.00834 -10.77044 0.00966
55488.13749 -12.11898 0.00437 -10.93874 0.00876 -10.77363 0.01008
55492.12020 -12.10575 0.00605 -10.93759 0.01225 -10.75355 0.01442
55495.12200 -12.10500 0.00496 -10.93096 0.00972 -10.75995 0.01123
55503.09229 -12.09683 0.00311 -10.91105 0.00517 -10.72343 0.00796
55506.07093 -12.10205 0.00310 -10.92306 0.00734 -10.72371 0.00644
55513.04402 -12.07829 0.00564 -10.93881 0.01508 -10.74132 0.01310
55522.01965 -12.08082 0.00635 -10.88540 0.01270 -10.69581 0.01496
55655.40458 -11.97804 0.00358 -10.83587 0.00634 -10.60172 0.00766
55656.40975 -11.96756 0.00378 -10.82433 0.00681 -10.60758 0.00806
55662.38833 -11.96054 0.00784 -10.80840 0.00819 -10.62758 0.01784
55667.40807 -11.96955 0.00349 -10.79972 0.00664 -10.60798 0.00770
55674.39680 -11.95590 0.00484 -10.77318 0.00948 -10.59384 0.01439
55678.37934 -11.95524 0.00400 -10.76856 0.00692 -10.61178 0.00780
55682.39598 -11.95239 0.00384 -10.77383 0.00714 -10.59465 0.00816
55686.34652 -11.95174 0.00383 -10.75363 0.00761 -10.59535 0.00864
55694.35115 -11.93586 0.00351 -10.76583 0.00668 -10.58844 0.00768
55705.39409 -11.91170 0.00714 -10.79317 0.01059 -10.60501 0.01255
55712.36369 -11.90035 0.00324 -10.81874 0.00568 -10.55767 0.00711
55716.39733 -11.90348 0.00762 -10.84080 0.00644 -10.57769 0.00795
55723.27572 -11.90325 0.00418 -10.86359 0.00819 -10.56892 0.00940
55725.27082 -11.88883 0.00539 -10.85056 0.00949 -10.54349 0.01234
55739.22170 -11.89532 0.00390 -10.90245 0.00709 -10.53206 0.01530
55744.23663 -11.91065 0.00548 -10.91007 0.00593 -10.53252 0.01278
55760.26227 -11.94782 0.00737 -10.89967 0.01334 -10.51164 0.02851
55762.21379 -11.96106 0.00495 -10.88319 0.00928 -10.55316 0.01219
55766.32071 -11.97055 0.00344 -10.91298 0.00616 -10.54493 0.00867
55767.31683 -11.97946 0.00396 -10.91770 0.00751 -10.56509 0.02226
55770.23884 -11.98839 0.00351 -10.89399 0.00623 -10.54197 0.00813
55775.12112 -11.98966 0.01015 -10.90858 0.01551 -10.56249 0.01304
55776.09502 -12.00031 0.00430 -10.92045 0.00692 -10.56540 0.01551
55779.10720 -12.00784 0.00358 -10.91858 0.00626 -10.56381 0.00824
55783.21230 -12.00765 0.00545 -10.89733 0.00970 -10.55611 0.01307
55794.18268 -12.01308 0.00336 -10.89470 0.00596 -10.59820 0.00930
55801.14648 -12.00381 0.00365 -10.87773 0.00690 -10.62997 0.01165
55804.06629 -12.00060 0.00400 -10.85819 0.00721 -10.62367 0.00864
55807.03654 -12.00768 0.00338 -10.84953 0.00598 -10.60208 0.00723
55815.05189 -12.00236 0.00599 -10.80919 0.01209 -10.59982 0.02392
55818.13646 -11.99343 0.00500 -10.80105 0.00907 -10.60616 0.01072
55820.15602 -11.98369 0.00411 -10.80432 0.00805 -10.59544 0.02030
55824.20041 -11.98905 0.00544 -10.79816 0.00641 -10.61429 0.00739
55827.05720 -11.99133 0.00693 -10.79880 0.00749 -10.60083 0.01159
55831.03665 -11.96728 0.00384 -10.77483 0.00604 -10.58379 0.00684
55835.16849 -11.95324 0.00843 -10.77742 0.01504 -10.62288 0.02155
55839.10990 -11.95129 0.00551 -10.75967 0.01074 -10.59552 0.01289
55842.02138 -11.94944 0.00604 -10.75947 0.01224 -10.60353 0.01402
55850.15592 -11.92529 0.00478 -10.75248 0.01180 -10.58782 0.01061
55854.02946 -11.91197 0.00809 -10.73548 0.00833 -10.59728 0.00926
55857.01753 -11.89385 0.00793 -10.73597 0.00698 -10.60934 0.01210
55865.00950 -11.89464 0.00435 -10.72355 0.01081 -10.55783 0.00975
55869.03511 -11.88566 0.01241 -10.72623 0.01070 -10.55765 0.01239
55873.07443 -11.86866 0.00826 -10.72332 0.01636 -10.52313 0.01954
55882.04259 -11.86340 0.00501 -10.77606 0.01285 -10.55281 0.01122
55885.04278 -11.85296 0.01359 -10.81008 0.00989 -10.56074 0.01229
55887.05666 -11.83977 0.00717 -10.77580 0.01040 -10.53938 0.01188
55896.03190 -11.81841 0.00629 -10.77314 0.01007 -10.53799 0.01342
55897.02791 -11.82740 0.00693 -10.81841 0.01205 -10.51770 0.01564
56011.39733 -11.95263 0.00331 -10.79731 0.00632 -10.57825 0.00753
56015.40896 -11.94522 0.00581 -10.76203 0.01112 -10.57532 0.01295
56017.39385 -11.93703 0.00373 -10.78439 0.00686 -10.57805 0.00803
56018.40441 -11.94002 0.00429 -10.80255 0.00796 -10.59524 0.00940
56023.40338 -11.91067 0.00713 -10.78138 0.01382 -10.55206 0.01691
56028.39935 -11.90401 0.00503 -10.77388 0.00956 -10.55369 0.01155
56029.40791 -11.90996 0.00620 -10.79184 0.01180 -10.57360 0.01425
56033.38597 -11.90647 0.00441 -10.79808 0.00833 -10.57632 0.01005
56038.40647 -11.89717 0.00843 -10.79497 0.01504 -10.55926 0.02155
56039.38447 -11.90091 0.01061 -10.80471 0.01977 -10.56945 0.02412
56047.36861 -11.89080 0.00544 -10.80146 0.00778 -10.54076 0.00967
56050.36334 -11.89480 0.00411 -10.80477 0.00756 -10.52492 0.01008
56053.39244 -11.88712 0.00750 -10.78646 0.01437 -10.55144 0.01770
56058.38764 -11.89313 0.00515 -10.80264 0.01075 -10.51150 0.01225
56070.43209 -11.89598 0.00369 -10.79944 0.00664 -10.51227 0.00932
56075.35778 -11.90087 0.00454 -10.80086 0.00787 -10.50821 0.00985
56078.37970 -11.90428 0.01345 -10.78391 0.00996 -10.49227 0.02124
56092.44141 -11.90235 0.00600 -10.77796 0.00931 -10.53374 0.01144
56094.39155 -11.89838 0.01106 -10.74247 0.00927 -10.51853 0.01119
56096.34771 -11.90018 0.00432 -10.74398 0.00833 -10.55256 0.01737
56102.21226 -11.91263 0.00353 -10.74342 0.00672 -10.49739 0.00816
56105.36427 -11.90426 0.00439 -10.73768 0.00873 -10.53729 0.03240
56109.32377 -11.89073 0.00578 -10.72389 0.01130 -10.50074 0.01368
56114.16908 -11.90642 0.00869 -10.73550 0.01748 -10.52542 0.02105
56125.20744 -11.88048 0.00381 -10.72886 0.00717 -10.52357 0.00845
56129.20312 -11.86460 0.00373 -10.71805 0.01307 -10.50731 0.00801
56133.14931 -11.86149 0.00397 -10.73154 0.00745 -10.52518 0.01426
56138.09028 -11.84788 0.00715 -10.71288 0.01359 -10.49046 0.01650
56147.02653 -11.84543 0.00404 -10.75895 0.00745 -10.49814 0.00924
56151.09088 -11.85057 0.00405 -10.75205 0.00753 -10.48816 0.01102
56159.03287 -11.84474 0.00541 -10.73729 0.01005 -10.49719 0.01227
56165.06653 -11.84373 0.00645 -10.78124 0.01175 -10.50486 0.01811
56168.12833 -11.84156 0.01084 -10.73929 0.01530 -10.47080 0.02557
56169.09661 -11.83747 0.00716 -10.76743 0.01334 -10.48522 0.01742
56175.22399 -11.83521 0.00716 -10.79759 0.01284 -10.49547 0.01671
56185.01054 -11.86057 0.00377 -10.79489 0.00660 -10.45036 0.00859
56190.02802 -11.85414 0.00403 -10.80236 0.00974 -10.47925 0.00929
56194.03721 -11.85869 0.00831 -10.80174 0.01525 -10.49272 0.02238
56195.19267 -11.86227 0.00603 -10.82752 0.01080 -10.47354 0.01472
56197.04546 -11.85952 0.00914 -10.82853 0.01649 -10.51444 0.02184
56210.02266 -11.88609 0.00417 -10.87917 0.00684 -10.50960 0.01302
56213.04237 -11.89697 0.00438 -10.87451 0.00760 -10.47856 0.01061
56217.11487 -11.90220 0.00370 -10.86632 0.00635 -10.47527 0.00865
56221.03234 -11.89437 0.00475 -10.87202 0.00802 -10.48436 0.01103
56224.05382 -11.90919 0.00705 -10.85792 0.01277 -10.48413 0.01775
56225.04394 -11.91073 0.00758 -10.85007 0.01377 -10.49328 0.01884
56229.03336 -11.91294 0.00709 -10.89498 0.01262 -10.48872 0.01810
56232.01063 -11.92507 0.00648 -10.88007 0.00815 -10.50095 0.01124
56236.05233 -11.93742 0.00383 -10.91700 0.00620 -10.51038 0.00861
56244.06234 -11.94138 0.00854 -10.92193 0.01504 -10.49481 0.02162
56248.02382 -11.94444 0.00389 -10.93402 0.00661 -10.52651 0.01177
56251.02253 -11.95269 0.00453 -10.93718 0.00764 -10.50809 0.01094
56255.02151 -11.94589 0.00678 -10.95378 0.01097 -10.53598 0.01586
56387.39369 -12.21779 0.00330 -11.13498 0.00585 -10.74476 0.00794
56391.40862 -12.20702 0.00381 -11.13607 0.00648 -10.76048 0.00872
56396.40857 -12.20509 0.00316 -11.13224 0.00566 -10.76120 0.00764
56401.41345 -12.20078 0.00346 -11.12961 0.00610 -10.75755 0.00818
56405.39674 -12.21268 0.00282 -11.13217 0.00488 -10.76221 0.00910
56409.38607 -12.21585 0.00635 -11.10743 0.01222 -10.73669 0.01700
56423.41856 -12.21376 0.00432 -11.08619 0.00708 -10.75162 0.00828
56426.39625 -12.20890 0.00843 -11.07988 0.01504 -10.78231 0.02155
56428.42149 -12.20987 0.00485 -11.06733 0.00769 -10.71771 0.01993
56433.39400 -12.21547 0.00345 -11.08148 0.01118 -10.74940 0.01255
56435.37226 -12.20894 0.00730 -11.06915 0.00772 -10.75192 0.01007
56441.31043 -12.19791 0.00913 -11.07176 0.01449 -10.76317 0.01906
56443.27916 -12.19718 0.00573 -11.05601 0.01254 -10.74762 0.02112
56447.25476 -12.19235 0.00476 -11.05207 0.00552 -10.75534 0.00778
56451.32472 -12.17804 0.00335 -11.04538 0.00649 -10.73997 0.00773
56455.39888 -12.16829 0.00660 -11.05995 0.01219 -10.74071 0.00682
56460.19204 -12.15390 0.00499 -11.05958 0.02380 -10.72591 0.00908
56468.22782 -12.14420 0.01012 -11.04726 0.01127 -10.75488 0.01456
56472.33057 -12.15488 0.01255 -11.04463 0.01764 -10.74401 0.00813
56487.40454 -12.16499 0.00281 -11.04850 0.00616 -10.74348 0.01164
56491.09673 -12.17075 0.00427 -11.04844 0.00808 -10.73003 0.01057
56496.20572 -12.17290 0.00817 -11.05264 0.01585 -10.73326 0.02110
56501.29713 -12.15416 0.00866 -11.04683 0.04773 -10.72863 0.03797
56507.25433 -12.14584 0.00282 -11.04931 0.00503 -10.73949 0.00636
56512.33978 -12.12729 0.00744 -11.04439 0.01447 -10.74115 0.01143
56515.31668 -12.14411 0.00374 -11.03028 0.00519 -10.73369 0.00649
56519.19778 -12.14274 0.00316 -11.02371 0.00576 -10.72377 0.00729
56523.08061 -12.14167 0.00529 -11.04947 0.00987 -10.73307 0.01300
56530.23091 -12.13397 0.00433 -11.02767 0.00800 -10.71330 0.01039
56532.21480 -12.13898 0.00821 -11.05306 0.00578 -10.73707 0.00743
56536.09368 -12.14502 0.00949 -11.05400 0.00602 -10.70987 0.01006
56541.14438 -12.12981 0.00298 -11.05344 0.00577 -10.72666 0.01187
56544.07302 -12.14467 0.00800 -11.06670 0.00619 -10.69172 0.01397
56546.00385 -12.14234 0.00502 -11.05126 0.00861 -10.72048 0.02294
56548.22397 -12.14213 0.01097 -11.07602 0.00672 -10.70069 0.00921
56552.02145 -12.12334 0.00699 -11.09449 0.01243 -10.74307 0.01697
56561.18393 -12.15169 0.00357 -11.10438 0.00624 -10.72496 0.00848
56565.00223 -12.15958 0.00336 -11.10299 0.00599 -10.74147 0.00805
56569.02085 -12.17175 0.00344 -11.09958 0.00519 -10.73143 0.00803
56572.05784 -12.18070 0.00264 -11.10151 0.00730 -10.72628 0.00618
56576.04936 -12.18611 0.00327 -11.08274 0.00647 -10.70926 0.00806
56580.05180 -12.19591 0.00852 -11.09079 0.01422 -10.73359 0.03816
56581.10451 -12.20054 0.00562 -11.07186 0.01090 -10.69916 0.01506
56584.12795 -12.19900 0.00553 -11.06968 0.01082 -10.71547 0.01482
56590.07755 -12.20811 0.00447 -11.08376 0.00831 -10.72569 0.01930
56591.10525 -12.20716 0.00843 -11.10594 0.01504 -10.78164 0.02155
56592.08869 -12.20705 0.00386 -11.07715 0.00707 -10.74665 0.00924
56599.05217 -12.21597 0.00273 -11.09445 0.00498 -10.73779 0.00653
56600.07459 -12.22079 0.00263 -11.10061 0.00466 -10.74250 0.00608
56604.03767 -12.21330 0.00332 -11.09850 0.00614 -10.74169 0.00822
56609.03999 -12.21145 0.00349 -11.09529 0.00646 -10.75455 0.00853
56612.02072 -12.20500 0.00486 -11.09600 0.00927 -10.76067 0.01242
56616.02100 -12.19392 0.00382 -11.10170 0.00660 -10.76491 0.00862
56745.40594 -12.19089 0.00401 -11.04361 0.00646 -10.74284 0.01265
56755.38113 -12.17667 0.00421 -11.05089 0.00771 -10.76157 0.00974
56765.41059 -12.16743 0.00433 -10.99642 0.00850 -10.74813 0.01048
56775.39895 -12.18397 0.00286 -10.99278 0.00549 -10.74041 0.00668
56781.35328 -12.17878 0.00346 -10.98594 0.00631 -10.75275 0.00862
56789.39968 -12.18366 0.00367 -10.98620 0.00746 -10.73703 0.00920
56793.37504 -12.16487 0.00517 -10.97912 0.01056 -10.73032 0.01312
56797.42176 -12.15738 0.00878 -10.97937 0.01300 -10.73575 0.01611
56803.38254 -12.13794 0.00396 -10.99728 0.00567 -10.73826 0.00694
56805.33141 -12.13750 0.00311 -11.00666 0.00560 -10.74370 0.00684
56809.29137 -12.13702 0.00290 -11.00415 0.00543 -10.74383 0.00666
56814.39433 -12.11250 0.00295 -11.01161 0.00524 -10.72923 0.00647
56818.39552 -12.10887 0.00300 -11.01422 0.00673 -10.71591 0.00840
56822.20604 -12.10721 0.00910 -11.01594 0.01707 -10.73988 0.02183
56834.24931 -12.11927 0.00278 -11.00020 0.00508 -10.71015 0.00636
56838.24120 -12.12488 0.00288 -11.00518 0.00511 -10.68695 0.00645
56842.17740 -12.12640 0.00340 -11.01193 0.00616 -10.69321 0.01252
56846.32601 -12.13370 0.00291 -11.02545 0.00988 -10.69745 0.00667
56859.21822 -12.13175 0.00389 -11.05664 0.00706 -10.68836 0.01532
56874.06255 -12.13761 0.00405 -11.06518 0.00744 -10.71928 0.00977
56884.25773 -12.14883 0.00405 -11.07651 0.00731 -10.68870 0.01151
56888.13259 -12.16493 0.00318 -11.06156 0.00563 -10.70297 0.01019
56896.04229 -12.18049 0.00379 -11.06726 0.00690 -10.70980 0.00918
56900.01236 -12.18145 0.00375 -11.07314 0.00684 -10.70056 0.00929
56904.05504 -12.18459 0.00577 -11.05862 0.00994 -10.71944 0.01397
56908.02784 -12.19394 0.00615 -11.06250 0.01193 -10.70585 0.01635
56930.08918 -12.19048 0.00331 -11.08638 0.00595 -10.73938 0.00784
56937.06848 -12.19100 0.00538 -11.10529 0.00996 -10.72999 0.01383
56943.10279 -12.19207 0.00268 -11.10756 0.00623 -10.74126 0.00617
56947.02530 -12.18784 0.00301 -11.10310 0.00532 -10.75120 0.01433
56950.10882 -12.18554 0.00337 -11.09839 0.00589 -10.76014 0.00769
56954.11169 -12.19079 0.00281 -11.08810 0.00809 -10.75545 0.00635
56959.03606 -12.20638 0.00428 -11.09319 0.00792 -10.74351 0.01063
56963.07950 -12.20914 0.00466 -11.10098 0.00893 -10.75952 0.01579
56966.04619 -12.22665 0.00680 -11.08378 0.01127 -10.75216 0.01512
56974.02623 -12.22078 0.00350 -11.07728 0.00636 -10.77556 0.00835
56977.04687 -12.22534 0.00391 -11.07179 0.00712 -10.76730 0.00911
56982.04976 -12.21949 0.00410 -11.06655 0.01178 -10.77295 0.00972
56990.01606 -12.20547 0.00691 -11.07320 0.01360 -10.78939 0.01752
57113.40499 -12.16236 0.00325 -11.03186 0.00612 -10.71805 0.00857
57117.40994 -12.15329 0.00559 -11.03270 0.01675 -10.73190 0.01406
57123.40888 -12.15368 0.00440 -11.04126 0.00812 -10.70395 0.01078
57126.38290 -12.15572 0.00346 -11.03879 0.00593 -10.70274 0.00765
57133.36164 -12.15937 0.00333 -11.06715 0.00669 -10.73323 0.00854
57138.35775 -12.16371 0.00328 -11.07624 0.00590 -10.74827 0.00814
57141.35213 -12.17092 0.00340 -11.09068 0.00601 -10.73058 0.00804
57145.34384 -12.16708 0.00538 -11.10524 0.00976 -10.70217 0.01386
57153.29251 -12.18104 0.00394 -11.12025 0.00700 -10.71126 0.00985
57157.38737 -12.17976 0.00263 -11.12703 0.00666 -10.73317 0.00587
57161.32786 -12.17939 0.00482 -11.13673 0.00505 -10.73832 0.00680
57170.32840 -12.20222 0.00213 -11.13762 0.00354 -10.74362 0.00474
57178.20302 -12.22686 0.00689 -11.15557 0.01272 -10.75974 0.01808
57186.37449 -12.25281 0.00532 -11.16490 0.00460 -10.74452 0.00716
57189.40902 -12.25749 0.00297 -11.18304 0.00507 -10.76678 0.00694
57193.37802 -12.26356 0.00322 -11.19214 0.00614 -10.75856 0.00694
57196.37562 -12.25842 0.00284 -11.19807 0.00483 -10.76213 0.00670
57200.18042 -12.25881 0.00442 -11.20282 0.00567 -10.78080 0.00804
57205.18403 -12.27341 0.00732 -11.19829 0.01365 -10.77406 0.01994
57209.33307 -12.26291 0.03791 -11.18518 0.02507 -10.74374 0.03028
57220.14787 -12.28788 0.00352 -11.15612 0.00568 -10.79461 0.00612
57223.28048 -12.29250 0.00314 -11.13912 0.01375 -10.80967 0.00716
57227.10535 -12.30434 0.00315 -11.15166 0.00614 -10.80227 0.01084
57233.27205 -12.31319 0.00659 -11.12323 0.01343 -10.77183 0.01834
57235.24849 -12.31526 0.00585 -11.13106 0.01189 -10.80300 0.03229
57249.06348 -12.30865 0.00326 -11.12017 0.01023 -10.81032 0.01252
57255.03347 -12.28511 0.00324 -11.10689 0.00625 -10.84712 0.00772
57258.01779 -12.28259 0.00347 -11.09790 0.00660 -10.83283 0.00817
57263.06454 -12.27848 0.00543 -11.08942 0.01117 -10.84044 0.01392
57267.02961 -12.26393 0.00273 -11.08705 0.00482 -10.84407 0.00571
57270.03748 -12.25601 0.00549 -11.07952 0.00526 -10.83410 0.00637
57274.12524 -12.23176 0.00877 -11.03423 0.01622 -10.81648 0.02155
57278.01907 -12.24892 0.00281 -11.06742 0.00537 -10.80947 0.00657
57287.03148 -12.24029 0.00420 -11.04642 0.00848 -10.80277 0.02163
57293.08173 -12.24298 0.00265 -11.05194 0.00545 -10.77985 0.02029
57298.19250 -12.23866 0.00539 -11.04067 0.01035 -10.77885 0.01306
57299.01648 -12.24449 0.00432 -11.06028 0.00644 -10.82468 0.00758
57301.04975 -12.23434 0.00431 -11.06736 0.00848 -10.82662 0.01310
57311.11295 -12.21093 0.00360 -11.05491 0.00766 -10.75899 0.01312
57324.09612 -12.19715 0.00588 -11.05210 0.01160 -10.77839 0.01473
57329.05630 -12.20519 0.00366 -11.06389 0.01161 -10.78881 0.00877
57334.03605 -12.20683 0.00301 -11.05579 0.00544 -10.77285 0.00619
57339.03739 -12.19686 0.00484 -11.06322 0.00920 -10.74212 0.01205
57475.40271 -12.16833 0.00486 -11.04119 0.00939 -10.72285 0.01238
57486.41566 -12.17620 0.00431 -11.02071 0.01686 -10.70386 0.03638
57491.39076 -12.19703 0.00301 -11.03763 0.00567 -10.73151 0.00721
57495.39280 -12.19827 0.00367 -11.02059 0.00679 -10.75275 0.01828
57507.37033 -12.19787 0.00430 -11.01266 0.00836 -10.74968 0.01041
57536.43418 -12.17565 0.00806 -10.96543 0.01705 -10.75178 0.02063
57557.34856 -12.12900 0.00474 -10.95712 0.00924 -10.72716 0.01122
57566.36621 -12.13283 0.00549 -10.95018 0.01102 -10.75037 0.01921
57575.15191 -12.14845 0.00384 -10.97602 0.00504 -10.74835 0.00718
57579.18959 -12.12991 0.00364 -11.01711 0.01536 -10.79207 0.01495
57590.17692 -12.14933 0.00516 -10.98044 0.01031 -10.73225 0.01279
57595.05615 -12.13540 0.00585 -10.98092 0.01000 -10.74770 0.02129
57596.07722 -12.14028 0.00393 -10.97687 0.01814 -10.73216 0.01527
57599.27632 -12.14486 0.00431 -10.99718 0.01009 -10.74969 0.00633
57605.14811 -12.12908 0.00501 -11.00941 0.00557 -10.74201 0.00793
57609.05675 -12.13506 0.00316 -10.99995 0.00592 -10.73062 0.00735
57617.18664 -12.12589 0.00849 -10.99620 0.01896 -10.74703 0.02100
57622.17463 -12.13206 0.00443 -11.01226 0.01038 -10.74942 0.01008
57624.07651 -12.12650 0.00322 -10.98348 0.00604 -10.71997 0.00744
57629.10392 -12.12889 0.00477 -10.98799 0.01149 -10.72477 0.00858
57632.20216 -12.13083 0.00344 -10.98465 0.00640 -10.70844 0.00794
57636.03733 -12.14110 0.00528 -10.99665 0.00757 -10.72585 0.01324
57647.15581 -12.15451 0.00562 -10.97191 0.01150 -10.72381 0.01432
57651.18381 -12.15403 0.00343 -10.97466 0.00708 -10.71584 0.00839
57655.12057 -12.15143 0.00283 -10.96233 0.00522 -10.71483 0.00914
57664.00404 -12.13052 0.00443 -10.95682 0.00849 -10.74873 0.00881
57671.08133 -12.13487 0.00416 -10.92202 0.01119 -10.72597 0.01566
57675.10840 -12.13913 0.00646 -10.95585 0.01328 -10.73996 0.01610
57683.02936 -12.14625 0.00622 -10.97614 0.00880 -10.70828 0.01704
57687.03846 -12.12678 0.00322 -10.96973 0.00620 -10.74231 0.00846
57691.07417 -12.11896 0.00415 -10.97071 0.00591 -10.73070 0.00713
57696.03576 -12.11663 0.00260 -10.96668 0.00480 -10.74633 0.00565
57699.01145 -12.10793 0.00552 -10.96026 0.01062 -10.73526 0.01291
57712.03211 -12.10662 0.00696 -10.95098 0.01378 -10.70682 0.07062
57717.02698 -12.10516 0.00454 -10.91816 0.00942 -10.72267 0.01066
57720.02736 -12.10503 0.00526 -10.93132 0.01021 -10.71447 0.02363
57724.02665 -12.11942 0.00430 -10.91294 0.00873 -10.70660 0.01042
57845.34497 -12.01961 0.00368 -10.85649 0.00762 -10.67168 0.00827
57850.35759 -12.02248 0.00380 -10.86664 0.00721 -10.63725 0.00868
57854.36955 -12.02624 0.00646 -10.83662 0.01656 -10.62797 0.01596
57858.35111 -12.02361 0.00715 -10.83344 0.01465 -10.64260 0.01732
57862.37584 -12.02983 0.00335 -10.82707 0.00661 -10.63764 0.00795
57869.40632 -12.02502 0.00338 -10.83363 0.00655 -10.64079 0.00762
57873.36723 -12.02863 0.00466 -10.83037 0.00728 -10.62749 0.00853
57877.37367 -12.01837 0.00373 -10.84662 0.00711 -10.64216 0.00839
57882.37521 -12.01092 0.00615 -10.84963 0.01240 -10.64570 0.01462
57887.41405 -12.00609 0.01042 -10.86113 0.01320 -10.64084 0.02587
57889.33702 -11.98806 0.01524 -10.84304 0.02141 -10.65198 0.02541
57893.40448 -11.99202 0.00938 -10.86315 0.00846 -10.68757 0.03546
57900.40424 -11.98196 0.00782 -10.86806 0.01005 -10.64662 0.03572
57904.42711 -11.99756 0.00475 -10.84683 0.00728 -10.65668 0.01958
57906.26026 -12.00584 0.00340 -10.85614 0.00640 -10.60644 0.00781
57907.41704 -12.00590 0.00449 -10.84066 0.01161 -10.62680 0.00855
57916.18500 -12.02038 0.00667 -10.82782 0.01371 -10.60699 0.01666
57925.33466 -12.01218 0.00843 -10.80082 0.01504 -10.66705 0.02155
57936.18858 -12.01704 0.00413 -10.79897 0.00835 -10.64818 0.00947
57948.15289 -12.01103 0.00546 -10.79690 0.01464 -10.58119 0.02094
57956.20146 -11.98345 0.00320 -10.77523 0.00625 -10.62696 0.01065
57960.22093 -11.98525 0.00298 -10.76488 0.00562 -10.61094 0.00629
57964.14296 -11.97172 0.00678 -10.77224 0.00945 -10.61954 0.01669
57968.26569 -11.96734 0.00552 -10.75518 0.01143 -10.58870 0.01323
57972.10456 -11.94856 0.00750 -10.75179 0.01561 -10.58774 0.01809
57981.19114 -11.95042 0.00372 -10.78445 0.00699 -10.60767 0.00806
57983.06840 -11.94511 0.00322 -10.79319 0.00548 -10.58055 0.00646
57986.99276 -11.95170 0.00521 -10.81395 0.00666 -10.57896 0.01195
57993.03863 -11.95418 0.00359 -10.82700 0.00672 -10.56058 0.01559
57998.05194 -11.93081 0.00558 -10.86303 0.01022 -10.54505 0.01348
58001.11357 -11.93094 0.00775 -10.87725 0.01418 -10.54938 0.01897
58008.20749 -11.93378 0.00906 -10.85570 0.01667 -10.53013 0.02210
58010.22216 -11.93636 0.00391 -10.89420 0.00731 -10.53970 0.00918
58013.06511 -11.94970 0.00360 -10.88560 0.00594 -10.55300 0.00767
58016.99884 -11.94357 0.00678 -10.86140 0.00639 -10.53283 0.00818
58018.21760 -11.95858 0.00926 -10.88196 0.00894 -10.58297 0.01021
58021.11128 -11.95948 0.00372 -10.85349 0.00687 -10.55606 0.00869
58025.08788 -11.98586 0.00441 -10.85231 0.00840 -10.52792 0.01102
58029.10982 -12.00128 0.00661 -10.85228 0.01310 -10.54672 0.01719
58034.14545 -12.02337 0.00543 -10.84976 0.01101 -10.54211 0.01441
58039.10407 -12.03246 0.00334 -10.87965 0.00620 -10.55502 0.00801
58041.00577 -12.03293 0.00358 -10.88218 0.01037 -10.55135 0.01361
58045.10580 -12.03945 0.00408 -10.91049 0.00768 -10.56249 0.01042
58050.07573 -12.03805 0.00355 -10.88591 0.00537 -10.56590 0.00683
58053.05445 -12.02873 0.00465 -10.87648 0.00894 -10.57649 0.01663
58057.06247 -12.02117 0.00529 -10.89619 0.01015 -10.57559 0.01340
58066.01725 -12.01160 0.00398 -10.90963 0.00717 -10.59831 0.01146
58070.07540 -12.01107 0.00428 -10.90570 0.01182 -10.61948 0.01020
58074.02212 -12.02813 0.00424 -10.90740 0.01433 -10.59073 0.01011
58078.02430 -12.01644 0.00398 -10.90777 0.00728 -10.57809 0.00954
58082.02442 -12.04913 0.00558 -10.92760 0.01066 -10.59831 0.01419
58085.02793 -12.05192 0.00674 -10.94787 0.01401 -10.59902 0.01760
58205.40141 -12.07034 0.00353 -10.94520 0.00648 -10.65038 0.00821
58207.40718 -12.07488 0.00507 -10.94867 0.00978 -10.63102 0.01242
58209.41155 -12.06232 0.00588 -10.94020 0.01110 -10.63686 0.01541
58212.37800 -12.06216 0.00498 -10.96300 0.00912 -10.62613 0.01619
58213.41093 -12.05563 0.00620 -10.94877 0.01124 -10.60649 0.01493
58216.36456 -12.06124 0.00447 -10.96553 0.01127 -10.63022 0.01094
58217.40496 -12.05959 0.00822 -10.95790 0.00750 -10.64757 0.00963
58221.38838 -12.06122 0.00340 -10.95844 0.00578 -10.62940 0.00737
58223.40150 -12.06880 0.00417 -10.95037 0.00668 -10.64190 0.02734
58225.40136 -12.06119 0.00398 -10.97684 0.00691 -10.64114 0.01443
58229.39474 -12.08121 0.00434 -10.95963 0.00847 -10.63085 0.00706
58231.37473 -12.07534 0.00390 -10.97875 0.00640 -10.63378 0.01804
58233.35738 -12.09161 0.00893 -10.94171 0.01987 -10.63071 0.03790
58236.32587 -12.07354 0.00679 -10.96536 0.01283 -10.66424 0.01672
58238.36329 -12.06645 0.00661 -10.99218 0.01200 -10.62425 0.01655
