53097.36692 -11.50698 0.00555 -10.35144 0.00993 -10.23016 0.01083
53104.34275 -11.51123 0.01013 -10.37991 0.01877 -10.19948 0.02186
53112.35871 -11.51952 0.00609 -10.31227 0.01058 -10.21521 0.01132
53124.34724 -11.53007 0.01018 -10.32205 0.02077 -10.15714 0.02338
53125.34540 -11.50735 0.01261 -10.29772 0.01146 -10.18596 0.01246
53131.33128 -11.47721 0.01236 -10.28478 0.02171 -10.20947 0.02312
53138.36788 -11.46290 0.01179 -10.29466 0.02140 -10.19044 0.03242
53146.40152 -11.45269 0.00571 -10.28702 0.02133 -10.20092 0.01011
53154.34193 -11.42273 0.01351 -10.24667 0.01007 -10.20789 0.01035
53168.43594 -11.39772 0.01283 -10.24335 0.01204 -10.14321 0.01541
53175.32704 -11.38275 0.00555 -10.28545 0.00891 -10.13596 0.01332
53184.27885 -11.36650 0.00640 -10.26558 0.01688 -10.11379 0.01529
53202.26401 -11.36007 0.00532 -10.29977 0.00887 -10.09394 0.01265
53211.24171 -11.37504 0.00595 -10.29765 0.01028 -10.14450 0.01703
53225.28875 -11.38550 0.00664 -10.26707 0.01122 -10.10062 0.01255
53231.30558 -11.37878 0.00701 -10.32471 0.01164 -10.04324 0.05150
53243.25972 -11.40639 0.01611 -10.30674 0.01806 -10.09612 0.03992
53246.24197 -11.42423 0.01699 -10.26610 0.03311 -10.01848 0.04129
53251.21934 -11.38916 0.00674 -10.31860 0.01171 -10.05614 0.01441
53258.21683 -11.38145 0.00509 -10.27383 0.00908 -10.08869 0.01745
53265.22679 -11.36122 0.01179 -10.32338 0.02140 -10.12300 0.03242
53270.23260 -11.38745 0.00940 -10.29569 0.01716 -10.07395 0.02073
53274.19688 -11.41250 0.01300 -10.31098 0.02061 -10.11719 0.02433
53279.14586 -11.36915 0.00846 -10.28655 0.01578 -10.09909 0.01692
53282.13527 -11.37562 0.00502 -10.29837 0.00831 -10.07901 0.00963
53287.10428 -11.37957 0.00715 -10.31112 0.01052 -10.09410 0.03871
53291.06561 -11.38087 0.02176 -10.33412 0.01137 -10.10462 0.05286
53292.07604 -11.40140 0.00732 -10.26158 0.01249 -10.01802 0.02693
53295.11768 -11.39639 0.00581 -10.29585 0.00931 -10.08538 0.01690
53298.06788 -11.37473 0.00659 -10.28392 0.01132 -10.08911 0.01314
53301.12371 -11.39218 0.01131 -10.30859 0.01953 -10.05745 0.09564
53303.08280 -11.38957 0.01129 -10.23782 0.02096  -9.99873 0.05594
53307.09320 -11.39417 0.01836 -10.29443 0.02336 -10.10366 0.02817
53310.05251 -11.39976 0.00644 -10.27164 0.01077 -10.06636 0.01227
53320.05256 -11.40345 0.00555 -10.27468 0.01009 -10.08498 0.01627
53324.05961 -11.39984 0.00643 -10.27215 0.01083 -10.11695 0.01210
53328.02504 -11.37830 0.00889 -10.28866 0.01502 -10.07115 0.01781
53332.04578 -11.39138 0.02240 -10.12402 0.04737  -9.99560 0.05291
53338.01549 -11.37372 0.01291 -10.30827 0.02109 -10.05833 0.02572
53345.02102 -11.36614 0.00995 -10.34281 0.01700 -10.08493 0.03250
53483.35833 -11.40016 0.01630 -10.24000 0.01727 -10.11062 0.01916
53497.33575 -11.39790 0.00797 -10.19147 0.03160 -10.00334 0.02705
53508.35492 -11.35956 0.00645 -10.16074 0.01261 -10.06466 0.02970
53520.37522 -11.33340 0.00849 -10.18653 0.01360 -10.13108 0.02079
53528.33005 -11.34514 0.01320 -10.21327 0.01005 -10.07653 0.01100
53543.31155 -11.29099 0.01192 -10.19394 0.02770 -10.04956 0.02457
53562.36550 -11.27071 0.00658 -10.25646 0.01968  -9.99671 0.01182
53585.25874 -11.33737 0.00606 -10.32398 0.00872 -10.00069 0.01538
53589.28021 -11.33796 0.00592 -10.29764 0.01507  -9.97842 0.01200
53592.25895 -11.35426 0.00533 -10.33693 0.00805 -10.00888 0.02559
53606.22678 -11.40035 0.00824 -10.35984 0.02535  -9.98211 0.01707
53614.20124 -11.41852 0.00575 -10.39480 0.00841 -10.02984 0.01061
53620.19189 -11.41817 0.00580 -10.37225 0.00845 -10.03774 0.01028
53625.16944 -11.40999 0.02244 -10.35309 0.01194 -10.02166 0.01518
53629.18497 -11.46617 0.01316 -10.44538 0.01983 -10.10154 0.04167
53633.13966 -11.44085 0.00982 -10.42406 0.01465 -10.13474 0.01803
53638.16367 -11.44597 0.00639 -10.39730 0.00974 -10.02937 0.03642
53640.19316 -11.45344 0.00774 -10.42266 0.00981 -10.03620 0.01982
53643.11537 -11.45297 0.00575 -10.36937 0.01733 -10.06817 0.02407
53651.05378 -11.46493 0.00621 -10.43871 0.01340 -10.07631 0.01095
53654.08263 -11.48186 0.01179 -10.39428 0.02140 -10.05031 0.03242
53659.05950 -11.47219 0.00840 -10.42543 0.01435 -10.16869 0.03904
53661.07261 -11.45293 0.00891 -10.40772 0.02930 -10.03196 0.04210
53665.05490 -11.45976 0.00774 -10.38912 0.00964 -10.09475 0.01773
53668.01704 -11.46583 0.00561 -10.43545 0.00974 -10.09633 0.03462
53673.01963 -11.46616 0.00654 -10.41692 0.01033 -10.12749 0.01267
53675.02226 -11.48642 0.00513 -10.43041 0.00834 -10.12142 0.02403
53678.02351 -11.47520 0.00583 -10.42984 0.00930 -10.12177 0.01159
53680.01132 -11.48257 0.00653 -10.44418 0.01460 -10.12425 0.01395
53682.01265 -11.49129 0.00857 -10.41034 0.03426 -10.19999 0.01732
53687.01571 -11.53084 0.01179 -10.42375 0.02140 -10.08074 0.03242
53690.04466 -11.48959 0.00930 -10.43812 0.02907 -10.13493 0.02071
53693.00722 -11.55356 0.01477 -10.40162 0.02522 -10.06234 0.03305
53699.02065 -11.51635 0.00661 -10.39780 0.01103 -10.15368 0.01827
53701.02708 -11.50961 0.00630 -10.39993 0.01332 -10.17119 0.01355
53703.03240 -11.49137 0.00728 -10.42159 0.01131 -10.18949 0.01331
53826.39277 -11.50498 0.00622 -10.42035 0.00870 -10.18497 0.01346
53832.35641 -11.51547 0.01179 -10.39461 0.02140 -10.15510 0.03242
53839.37566 -11.51378 0.01169 -10.42896 0.01781 -10.23582 0.02045
53845.39092 -11.55264 0.01082 -10.39714 0.01693 -10.19453 0.01958
53852.37174 -11.52778 0.00572 -10.36270 0.00873 -10.18309 0.00982
53863.29130 -11.53743 0.00646 -10.33594 0.01210 -10.22200 0.01026
53877.37713 -11.50538 0.00970 -10.28438 0.01383 -10.18653 0.01639
53886.36115 -11.48302 0.01082 -10.28564 0.00861 -10.19490 0.00923
53896.37716 -11.44671 0.01978 -10.28695 0.01786 -10.18900 0.04033
53903.29046 -11.46062 0.00646 -10.27709 0.01148 -10.17298 0.02480
53911.32745 -11.40730 0.01458 -10.24118 0.01507 -10.06911 0.01334
53918.33933 -11.37542 0.00645 -10.25697 0.01052 -10.16072 0.03514
53937.23331 -11.35992 0.01223 -10.33768 0.00887 -10.12184 0.00990
53944.27848 -11.34264 0.00604 -10.38643 0.00896 -10.04224 0.01130
53946.13010 -11.35445 0.00570 -10.33254 0.00917 -10.10731 0.01251
53958.19228 -11.45079 0.02691 -10.39641 0.01391 -10.07232 0.04437
53964.25002 -11.42688 0.01592 -10.41820 0.01041 -10.06918 0.00955
53967.28214 -11.43636 0.00553 -10.39747 0.01210 -10.05909 0.01879
53968.25835 -11.43268 0.00534 -10.37336 0.00832 -10.07765 0.01006
53971.25231 -11.43783 0.00527 -10.38576 0.00794 -10.05573 0.00977
53979.25216 -11.45791 0.02163 -10.35592 0.01087 -10.11373 0.01941
53987.05616 -11.48434 0.01477 -10.34804 0.02114 -10.06169 0.03651
53994.14133 -11.48474 0.00535 -10.32602 0.00853 -10.13590 0.00958
54002.07189 -11.49400 0.00521 -10.30524 0.00819 -10.13101 0.03268
54007.12089 -11.46296 0.00653 -10.30278 0.01092 -10.14857 0.01156
54014.03494 -11.47059 0.01018 -10.35169 0.01715 -10.20394 0.01934
54021.07641 -11.46060 0.00527 -10.24375 0.00924 -10.15593 0.00974
54028.07145 -11.42323 0.00744 -10.30260 0.00961 -10.09679 0.01318
54036.02867 -11.41510 0.01381 -10.33944 0.01052 -10.13090 0.01516
54042.02989 -11.44149 0.00881 -10.29280 0.02693 -10.16158 0.01586
54050.05670 -11.40165 0.00607 -10.32464 0.01373 -10.11947 0.02617
54057.02196 -11.38321 0.01449 -10.40784 0.02140 -10.08724 0.03242
54064.01471 -11.42103 0.01440 -10.44857 0.02221 -10.15860 0.03242
54207.37770 -11.50061 0.00599 -10.37578 0.00988 -10.13347 0.01158
54216.31383 -11.46685 0.01179 -10.38083 0.02140 -10.12910 0.03242
54224.37055 -11.48838 0.01179 -10.43944 0.02140 -10.11931 0.03242
54234.41946 -11.47206 0.00546 -10.48809 0.00877 -10.18308 0.01100
54258.37906 -11.51025 0.00663 -10.50492 0.01015 -10.10012 0.01363
54274.31280 -11.55269 0.00893 -10.42690 0.02154 -10.23860 0.02429
54279.26981 -11.55386 0.00786 -10.47616 0.02655 -10.10698 0.01748
54320.26050 -11.53715 0.00538 -10.44953 0.00796 -10.22178 0.00911
54330.24861 -11.54905 0.00465 -10.45719 0.00863 -10.19047 0.01333
54336.14580 -11.57440 0.01563 -10.45179 0.02729 -10.17050 0.03424
54345.21242 -11.56014 0.00580 -10.48122 0.01706 -10.19358 0.01173
54352.22836 -11.57798 0.00605 -10.49999 0.01359 -10.23569 0.02143
54357.18005 -11.53627 0.00770 -10.47279 0.00770 -10.19723 0.04006
54361.16924 -11.56247 0.01090 -10.56596 0.01037 -10.15552 0.01333
54363.12619 -11.57538 0.01179 -10.50732 0.02140 -10.21009 0.03242
54367.16853 -11.53542 0.01057 -10.49754 0.01860 -10.19874 0.02169
54371.12581 -11.54735 0.00849 -10.50183 0.01268 -10.20351 0.01610
54375.11780 -11.55816 0.00675 -10.53150 0.00986 -10.15166 0.02799
54378.08477 -11.58405 0.00751 -10.50616 0.00728 -10.21620 0.00875
54382.09463 -11.56459 0.01179 -10.49217 0.02140 -10.16954 0.03242
54387.04423 -11.59385 0.00642 -10.51897 0.00737 -10.19210 0.00909
54390.02100 -11.58758 0.00477 -10.52429 0.00746 -10.20182 0.00917
54394.03528 -11.58488 0.00983 -10.56475 0.01446 -10.17526 0.01917
54397.04622 -11.60118 0.00755 -10.56050 0.01506 -10.15529 0.01586
54400.05086 -11.58102 0.00917 -10.51595 0.01486 -10.17733 0.02026
54404.04156 -11.59762 0.00630 -10.59530 0.00940 -10.15451 0.01678
54407.02189 -11.59849 0.01179 -10.58465 0.02140 -10.22682 0.03242
54410.06305 -11.59676 0.00622 -10.54833 0.00893 -10.20490 0.01102
54415.04432 -11.58873 0.00486 -10.56196 0.00769 -10.23160 0.00965
54420.04026 -11.59369 0.00809 -10.56649 0.00899 -10.21985 0.01142
54427.01747 -11.64088 0.01374 -10.54177 0.02419 -10.15052 0.03337
54431.02996 -11.62816 0.00680 -10.55126 0.01474 -10.19304 0.01295
54435.02245 -11.68716 0.01649 -10.54734 0.02245 -10.21188 0.03242
54437.02573 -11.66702 0.01407 -10.53603 0.01578 -10.14467 0.02483
54550.40907 -11.68339 0.01768 -10.55413 0.01847 -10.25169 0.01727
54557.37098 -11.68931 0.00556 -10.53600 0.00902 -10.24611 0.01299
54564.40615 -11.70902 0.01769 -10.53935 0.00749 -10.25296 0.01128
54571.31271 -11.68081 0.00612 -10.52674 0.00935 -10.28571 0.01088
54578.31208 -11.69599 0.03224 -10.55454 0.01807 -10.19087 0.02343
54588.41810 -11.65398 0.01031 -10.51436 0.00907 -10.27393 0.02008
54589.34144 -11.65538 0.00425 -10.53171 0.00750 -10.30566 0.00985
54596.30873 -11.62674 0.00517 -10.46893 0.00818 -10.28267 0.00918
54609.33855 -11.62889 0.01603 -10.49678 0.02755 -10.30035 0.04925
54626.31406 -11.56898 0.00711 -10.51801 0.01448 -10.33601 0.01708
54633.32154 -11.60334 0.00929 -10.54044 0.01288 -10.23387 0.01609
54640.29723 -11.58278 0.00748 -10.50111 0.01209 -10.22756 0.01484
54647.33882 -11.60906 0.00482 -10.50800 0.00821 -10.23953 0.01148
54653.31405 -11.59567 0.01527 -10.47799 0.00809 -10.22932 0.00959
54660.29448 -11.60171 0.00556 -10.47793 0.01574 -10.21636 0.02139
54678.23245 -11.56684 0.00825 -10.46880 0.00752 -10.20013 0.00915
54684.19708 -11.55776 0.00469 -10.49077 0.00737 -10.23552 0.01241
54690.22000 -11.55880 0.00742 -10.51766 0.01235 -10.17588 0.01621
54703.19205 -11.55673 0.00736 -10.48224 0.00962 -10.17496 0.01115
54708.19293 -11.54816 0.00529 -10.45842 0.01834 -10.16169 0.00982
54716.23637 -11.58736 0.01179 -10.46086 0.02140 -10.17055 0.03242
54724.19920 -11.59255 0.01007 -10.53183 0.01658 -10.19347 0.02175
54732.15066 -11.59830 0.01179 -10.52880 0.02140 -10.20035 0.03242
54736.13770 -11.58755 0.00851 -10.45273 0.00967 -10.14518 0.01174
54739.10241 -11.56807 0.01179 -10.50097 0.02140 -10.18727 0.03242
54744.09298 -11.57051 0.00583 -10.50711 0.00858 -10.20356 0.01960
54747.13694 -11.56384 0.00687 -10.45979 0.01127 -10.18653 0.01377
54754.08822 -11.56684 0.00990 -10.46207 0.01507 -10.17784 0.02273
54758.08910 -11.58673 0.00473 -10.48156 0.00792 -10.19440 0.00962
54773.03018 -11.57435 0.00654 -10.47898 0.02433 -10.18534 0.01440
54776.02787 -11.60204 0.00876 -10.49980 0.03598 -10.10919 0.02022
54783.02267 -11.58285 0.00781 -10.49885 0.01268 -10.20946 0.01584
54790.04523 -11.58274 0.00465 -10.46518 0.00810 -10.19045 0.00982
54797.05125 -11.59321 0.00537 -10.49116 0.00848 -10.18638 0.01056
55009.18573 -11.79464 0.00970 -10.76291 0.00674 -10.31756 0.01884
55029.24705 -11.83082 0.00585 -10.78353 0.00790 -10.36611 0.01833
55038.16890 -11.84574 0.00421 -10.80246 0.00996 -10.34584 0.00839
55043.17028 -11.82349 0.01179 -10.80303 0.02140 -10.39905 0.03242
55052.34172 -11.86325 0.00736 -10.82787 0.01161 -10.38919 0.01625
55053.22521 -11.85350 0.00766 -10.83354 0.00805 -10.35473 0.01144
55072.15337 -11.86072 0.00843 -10.81578 0.01117 -10.40732 0.02068
55083.17469 -11.88179 0.00706 -10.82946 0.01035 -10.43163 0.03861
55090.17578 -11.88087 0.00583 -10.77670 0.00775 -10.42332 0.00966
55106.09374 -11.90561 0.00692 -10.79403 0.01148 -10.44687 0.02182
55113.06395 -11.91647 0.01179 -10.76952 0.02140 -10.43505 0.03242
55120.07817 -11.89927 0.01179 -10.71948 0.02140 -10.43659 0.03242
55127.05486 -11.87806 0.00430 -10.73297 0.00702 -10.48525 0.00823
55135.04568 -11.85952 0.00711 -10.71562 0.01310 -10.50287 0.01986
55143.02360 -11.86678 0.00664 -10.68228 0.00839 -10.42789 0.01171
55150.01989 -11.85810 0.00644 -10.68836 0.00840 -10.46032 0.00978
55157.02404 -11.84138 0.00915 -10.67156 0.01426 -10.42922 0.02431
55172.03778 -11.82590 0.01179 -10.70753 0.02140 -10.44722 0.03242
55326.30739 -11.83224 0.00421 -10.64083 0.00736 -10.37332 0.00884
55334.36597 -11.82002 0.00543 -10.65778 0.00795 -10.32469 0.00985
55335.33801 -11.80262 0.00414 -10.62690 0.00720 -10.38606 0.02973
55353.30344 -11.79633 0.00475 -10.59151 0.00735 -10.41576 0.01111
55360.24745 -11.77276 0.00659 -10.55511 0.01885 -10.33728 0.01001
55372.28066 -11.74776 0.00687 -10.57902 0.01282 -10.36496 0.01268
55379.35022 -11.73368 0.00668 -10.59639 0.00981 -10.37326 0.01864
55388.29364 -11.70255 0.00556 -10.62239 0.00780 -10.31531 0.00920
55401.23436 -11.72977 0.01401 -10.67577 0.02368 -10.30465 0.03242
55411.28066 -11.67920 0.00636 -10.60695 0.01314 -10.26287 0.01108
55417.30081 -11.65576 0.01179 -10.68954 0.02140 -10.29093 0.03242
55426.22845 -11.72679 0.00588 -10.62105 0.01700 -10.26997 0.02466
55436.23980 -11.71068 0.00763 -10.64481 0.01835 -10.32143 0.01523
55445.21233 -11.71962 0.00560 -10.57170 0.00885 -10.27741 0.01070
55454.15643 -11.72674 0.00789 -10.57051 0.01165 -10.34455 0.01342
55456.17514 -11.72137 0.00701 -10.55984 0.01151 -10.28367 0.01433
55464.14619 -11.72655 0.01344 -10.53243 0.01274 -10.31557 0.01494
55471.10676 -11.70761 0.00939 -10.52913 0.00826 -10.31378 0.00939
55478.10722 -11.68103 0.00725 -10.53363 0.01943 -10.28956 0.00986
55485.06352 -11.64381 0.00845 -10.50648 0.01431 -10.30946 0.02745
55490.06803 -11.66460 0.01286 -10.54364 0.01787 -10.41932 0.01933
55497.08421 -11.65166 0.01179 -10.50782 0.02140 -10.25834 0.03242
55505.03484 -11.64520 0.00690 -10.49851 0.01019 -10.23103 0.07615
55506.03980 -11.61847 0.00670 -10.54199 0.00968 -10.25711 0.01153
55513.00902 -11.63175 0.01732 -10.49810 0.06994 -10.19135 0.06185
55529.04873 -11.60455 0.01134 -10.50055 0.02701 -10.18980 0.02438
55721.41234 -11.45907 0.00635 -10.38270 0.01011 -10.08734 0.01246
55745.31440 -11.46112 0.00605 -10.46606 0.01740 -10.06354 0.01201
55764.33995 -11.50899 0.00591 -10.46842 0.00988 -10.11275 0.01290
55769.27045 -11.54236 0.00505 -10.47825 0.02002 -10.03656 0.01120
55777.26438 -11.57565 0.00555 -10.49358 0.01739 -10.06177 0.01098
55787.32053 -11.56223 0.01788 -10.42896 0.02387 -10.19121 0.02922
55802.24600 -11.55464 0.01359 -10.42365 0.01124 -10.13136 0.01328
55810.18364 -11.55401 0.00868 -10.41084 0.03448 -10.10011 0.03762
55813.15855 -11.56511 0.00847 -10.36598 0.01562 -10.13279 0.05267
55817.16690 -11.57235 0.00884 -10.44230 0.01454 -10.13786 0.05898
55819.16676 -11.54578 0.00747 -10.44067 0.02133 -10.14379 0.01470
55825.17612 -11.54870 0.00595 -10.38517 0.02066 -10.15292 0.04176
55833.13243 -11.58249 0.00857 -10.40748 0.01109 -10.13594 0.01255
55837.07891 -11.52884 0.00763 -10.37289 0.01174 -10.09326 0.02384
55856.05432 -11.49537 0.00580 -10.34139 0.01510 -10.07646 0.03315
55859.04749 -11.46192 0.00715 -10.35719 0.01357 -10.15045 0.03564
55865.06542 -11.43416 0.01179 -10.35047 0.02140 -10.15037 0.03242
55869.08041 -11.46199 0.01156 -10.43244 0.01507 -10.07496 0.02493
55875.04376 -11.41749 0.01373 -10.41665 0.01946 -10.05133 0.02523
56165.23131 -11.37117 0.01742 -10.37851 0.01663 -10.00158 0.02286
56169.20090 -11.37812 0.01619 -10.36282 0.02576  -9.95221 0.03599
56181.19239 -11.40843 0.00648 -10.38908 0.01051  -9.98500 0.03524
56184.18412 -11.38697 0.00567 -10.35541 0.00962  -9.99632 0.01269
56196.12200 -11.37553 0.02544 -10.38001 0.02009 -10.04256 0.02436
56199.07084 -11.40735 0.01244 -10.44831 0.02058  -9.99343 0.03004
56203.08396 -11.42820 0.01033 -10.43476 0.01772  -9.98572 0.02567
56212.09237 -11.43594 0.00702 -10.47105 0.01382  -9.97420 0.01556
56216.12636 -11.40383 0.01307 -10.39776 0.02140 -10.05191 0.03242
56220.07192 -11.44480 0.00679 -10.44321 0.01379 -10.02684 0.03697
56225.07249 -11.43355 0.01094 -10.45657 0.02789  -9.98983 0.10370
56231.05559 -11.43442 0.01124 -10.49365 0.04344  -9.99888 0.07241
56235.07381 -11.46845 0.01396 -10.48064 0.01709 -10.03605 0.01326
56239.02294 -11.46508 0.00687 -10.51285 0.01025  -9.98260 0.03354
56247.02414 -11.49032 0.00970 -10.53036 0.00979 -10.05008 0.01395
56253.01609 -11.51003 0.01999 -10.56663 0.01924  -9.99891 0.08570
56267.03360 -11.49612 0.01235 -10.55641 0.02140 -10.13524 0.03242
56398.32716 -11.73705 0.01005 -10.73267 0.00803 -10.26965 0.01626
56407.40924 -11.73981 0.00980 -10.68205 0.02416 -10.33841 0.01979
56418.39051 -11.74953 0.00579 -10.64546 0.00872 -10.25772 0.01121
56431.40934 -11.74425 0.00669 -10.64020 0.01384 -10.24324 0.01808
56436.33588 -11.74077 0.00719 -10.58008 0.01712 -10.23079 0.01654
56458.35316 -11.70360 0.00838 -10.62500 0.00866 -10.29314 0.01584
56464.33946 -11.71456 0.00984 -10.63105 0.01292 -10.32313 0.02973
56473.25196 -11.67637 0.00637 -10.56212 0.01006 -10.24326 0.01257
56488.26332 -11.68525 0.00568 -10.59833 0.03195 -10.27300 0.03277
56492.19250 -11.71610 0.00721 -10.62452 0.01153 -10.28134 0.01723
56530.11397 -11.66377 0.01240 -10.62990 0.02140 -10.27166 0.03242
56545.19235 -11.70008 0.00693 -10.67656 0.00916 -10.29440 0.01263
56546.19828 -11.68827 0.00753 -10.66235 0.00841 -10.25679 0.01086
56551.15807 -11.72606 0.01121 -10.68360 0.01666 -10.33818 0.05035
56572.11408 -11.70335 0.00585 -10.67225 0.00887 -10.19520 0.01258
56576.12497 -11.70989 0.00705 -10.68114 0.02649 -10.24615 0.01298
56577.10750 -11.74780 0.02459 -10.67663 0.01753 -10.30455 0.05773
56580.10536 -11.70129 0.00962 -10.66035 0.02138 -10.34022 0.01841
56582.09531 -11.73144 0.01096 -10.67108 0.01482 -10.22758 0.02193
56585.09719 -11.72832 0.00852 -10.64055 0.02198 -10.25844 0.01998
56595.05216 -11.73248 0.01179 -10.64872 0.02140 -10.18294 0.03242
56599.04813 -11.74262 0.00558 -10.66780 0.01487 -10.27041 0.01136
56604.01500 -11.75131 0.00604 -10.68090 0.01019 -10.25364 0.02880
56617.02694 -11.70246 0.00771 -10.67601 0.01131 -10.29177 0.02346
56626.02995 -11.70631 0.01508 -10.69435 0.01174 -10.26914 0.03205
56825.33560 -11.64828 0.00969 -10.55606 0.01948 -10.24158 0.01914
56830.29839 -11.65570 0.00862 -10.57995 0.01085 -10.18432 0.01307
56835.14910 -11.62237 0.01179 -10.61110 0.02140 -10.24921 0.03242
56845.28579 -11.66307 0.01011 -10.57649 0.01177 -10.21815 0.01319
56857.30701 -11.65090 0.00539 -10.62603 0.00840 -10.20448 0.01129
56874.28520 -11.66710 0.00683 -10.63030 0.01097 -10.21388 0.01120
56880.30200 -11.63426 0.01896 -10.64188 0.02602 -10.21099 0.03680
56884.22999 -11.67663 0.00819 -10.65292 0.01128 -10.20388 0.02132
56888.22097 -11.68168 0.00632 -10.62823 0.00896 -10.22292 0.01658
56911.20078 -11.74375 0.01037 -10.65353 0.01657 -10.28759 0.02151
56925.20174 -11.67724 0.01179 -10.67847 0.02140 -10.32877 0.03242
56930.20101 -11.70652 0.00852 -10.70494 0.01212 -10.27756 0.01338
56938.14907 -11.72498 0.01370 -10.69592 0.02038 -10.27965 0.02783
56944.10167 -11.71336 0.00602 -10.66404 0.01530 -10.26544 0.01036
56950.11313 -11.69795 0.01179 -10.66448 0.02140 -10.26813 0.03242
56955.06331 -11.71328 0.01179 -10.67415 0.02140 -10.35755 0.03242
56960.12584 -11.72488 0.01064 -10.67081 0.01215 -10.28603 0.01654
56967.03449 -11.75668 0.01338 -10.68788 0.02379 -10.23310 0.03138
56979.06091 -11.74386 0.01236 -10.66353 0.02140 -10.35916 0.03242
56982.02906 -11.73183 0.01179 -10.67897 0.02140 -10.35465 0.03242
56988.05665 -11.73210 0.01835 -10.62083 0.02523 -10.19199 0.03290
57249.16873 -11.86480 0.00494 -10.61907 0.00838 -10.30111 0.01041
57253.17079 -11.82530 0.00459 -10.61513 0.00761 -10.34838 0.00902
57255.14005 -11.81515 0.01179 -10.58177 0.02140 -10.35512 0.03242
57257.13739 -11.81797 0.00556 -10.55978 0.01046 -10.32134 0.02059
57260.16711 -11.82925 0.01179 -10.65016 0.02140 -10.31244 0.03242
57265.21116 -11.79480 0.01179 -10.58716 0.02223 -10.28266 0.03242
57266.26271 -11.78124 0.06409 -10.60339 0.06509 -10.29807 0.06599
57269.11806 -11.81457 0.00869 -10.60711 0.01993 -10.28103 0.04062
57273.26134 -11.81579 0.01179 -10.63507 0.02140 -10.29683 0.03242
57278.08441 -11.78768 0.00522 -10.58469 0.00830 -10.31729 0.00984
57286.12278 -11.78973 0.01179 -10.59024 0.02140 -10.29915 0.03242
57295.16163 -11.79135 0.00791 -10.53569 0.01512 -10.23736 0.01927
57302.14325 -11.77687 0.01179 -10.56542 0.02140 -10.30490 0.03242
57319.05890 -11.74920 0.01912 -10.49727 0.03636 -10.33151 0.04162
57334.04507 -11.74768 0.00494 -10.58321 0.01889 -10.25642 0.01073
57340.02728 -11.75671 0.00531 -10.61559 0.01102 -10.29369 0.01020
57344.02859 -11.74684 0.01179 -10.59975 0.02140 -10.22675 0.03242
57354.02374 -11.74169 0.00788 -10.55190 0.02443 -10.21518 0.02025
57598.21412 -11.67179 0.01179 -10.45952 0.02140 -10.21318 0.03242
57603.18133 -11.64722 0.00514 -10.47627 0.00814 -10.21545 0.00949
57605.29177 -11.65408 0.00657 -10.52701 0.00916 -10.22968 0.01078
57608.26657 -11.66689 0.00764 -10.48303 0.00855 -10.23618 0.01012
57613.23961 -11.65804 0.00625 -10.48254 0.02709 -10.24326 0.01980
57614.19528 -11.68203 0.01186 -10.54623 0.01349 -10.19512 0.01751
57624.19927 -11.63358 0.00722 -10.55848 0.01036 -10.27908 0.02050
57631.07828 -11.63334 0.00691 -10.55223 0.02252 -10.29642 0.04629
57634.19478 -11.62168 0.00863 -10.52218 0.01130 -10.30699 0.01259
57642.07726 -11.63912 0.00795 -10.48333 0.01404 -10.30410 0.03523
57649.10775 -11.67825 0.01032 -10.52756 0.01662 -10.27230 0.02006
57652.14088 -11.66532 0.00777 -10.52817 0.01656 -10.25872 0.01325
57655.18066 -11.64978 0.01199 -10.48422 0.00932 -10.23857 0.01660
57657.19070 -11.63772 0.00825 -10.49107 0.01086 -10.17780 0.01249
57661.10266 -11.68010 0.00576 -10.47401 0.00921 -10.27472 0.01048
57664.12335 -11.64548 0.00698 -10.47759 0.00977 -10.21405 0.01128
57668.12172 -11.63483 0.00790 -10.45155 0.02845 -10.16932 0.01410
57687.09319 -11.65247 0.00722 -10.55625 0.02736 -10.26065 0.01314
57691.04854 -11.60496 0.00748 -10.49959 0.01098 -10.27789 0.02637
57695.05737 -11.60972 0.00652 -10.50769 0.01046 -10.23275 0.01099
57699.05918 -11.62759 0.06121 -10.54018 0.01268 -10.27780 0.01983
57702.08490 -11.63515 0.00810 -10.46323 0.01362 -10.26927 0.01570
57710.03714 -11.59710 0.01296 -10.46892 0.00958 -10.23899 0.01359
57713.07061 -11.61637 0.00748 -10.49705 0.02655 -10.27546 0.01876
